0
0
0
0
0
0
0
0
0
0
0
0
0
0
0
0
0
0
0
0
2 328:0.999969321141 4348:0.99994411148
2 1732:1.0 3593:0.999999999944
6 250:1.0 3083:1.0 1521:0.999999991998 2315:0.999817883015 2596:0.999774125736 3726:0.999485700543
0
0
0
0
0
1 440:0.999999999923
0
0
0
0
4 2228:1.0 2301:0.999999999614 878:0.999999999122 774:0.999999992563
0
0
0
0
0
0
0
0
0
0
0
0
0
23 2223:1.0 2632:1.0 4342:1.0 2890:0.999999999999 1948:0.999999999973 434:0.999999986439 808:0.999999985811 4308:0.999999315814 807:0.999998424722 44:0.999869100655 3290:0.999789531616 1534:0.999737702122 2038:0.9995879938 3972:0.999381402485 2570:0.996907899412 761:0.972089110005 3571:0.968898160632 3646:0.686140315869 1672:0.506688850858 3949:0.399843573975 3919:0.379853108803 2935:0.338856729606 1552:0.147392852532
0
0
0
0
1 2275:0.999999996347
0
0
0
0
0
0
0
0
0
0
0
3 4074:1.0 2495:0.999999999996 934:0.999995199007
0
0
0
0
0
0
0
0
0
0
0
0
0
0
1 3755:1.0
0
4 2424:1.0 1206:1.0 1914:0.99999999987 1640:0.95375253849
0
0
5 1007:0.999999999999 3915:0.999999999983 3337:0.999999983888 1823:0.999832615506 128:0.99910122757
0
0
0
0
0
0
1 1173:0.999998681715
1 825:0.999999995219
0
0
0
0
0
0
0
0
0
4 1191:0.99999999883 1192:0.999999989919 4049:0.999999705714 2253:0.999998070626
0
0
0
0
0
1 673:1.0
0
0
0
0
0
2 1721:0.999999808014 3981:0.999909291809
0
0
0
0
0
0
0
0
0
0
0
0
0
0
2 485:0.999999998166 1802:0.999999870415
0
0
2 1355:1.0 249:0.999999983059
0
0
0
0
0
0
0
0
0
0
0
0
0
0
1 4118:0.999999999992
0
0
0
0
0
2 2230:1.0 2607:0.999909567729
0
0
0
0
0
4 570:1.0 4440:0.999999999996 1125:0.999999995645 1447:0.999998882599
0
0
0
0
0
0
0
2 2201:0.999999999994 2404:0.999999999992
0
0
0
0
1 682:0.999999930337
0
0
0
0
0
0
1 2381:0.999999185395
0
0
0
0
0
0
0
0
0
0
0
0
0
0
0
0
0
0
0
2 781:0.995668926337 1019:0.890200885049
0
0
0
0
0
1 2234:0.999999505021
1 4042:0.9999999945
0
0
0
0
0
0
0
0
0
0
1 3268:1.0
0
0
0
0
0
0
0
0
0
0
0
0
0
0
0
0
0
0
0
3 615:0.999999999998 52:0.999999998858 2299:0.999995507479
0
0
0
0
0
0
0
0
0
0
2 3839:0.999999929485 343:0.999994106797
0
0
0
0
0
0
0
0
0
0
0
0
0
0
0
0
0
0
0
0
0
0
0
0
0
2 2058:0.999999962479 3608:0.998984067619
0
0
1 1973:1.0
0
0
0
0
0
0
0
0
0
0
0
0
0
0
0
0
0
0
0
1 3218:0.999999999007
0
0
0
0
0
0
0
0
0
0
1 1806:0.999999999725
0
1 3118:0.999999999979
0
30 4172:1.0 4337:1.0 1781:1.0 2235:1.0 2109:1.0 1871:1.0 4036:1.0 2195:1.0 1434:1.0 2784:0.999999999995 2400:0.999999999978 296:0.999999999756 57:0.999999999754 591:0.999999999723 2620:0.999999999704 1175:0.999999999559 2694:0.999999999143 1300:0.999999998696 570:0.99999999511 646:0.999999954953 3545:0.999999908269 1647:0.999997365497 1171:0.9999945331 2156:0.999993299631 1389:0.999983102453 2957:0.999976966577 2006:0.999954426968 2970:0.999923995463 1292:0.999141250316 388:0.998674112536
0
0
3 591:1.0 860:0.999999999998 2282:0.99999896957
0
1 1204:0.999999999989
2 1638:0.99999999996 2741:0.999944211432
8 1344:1.0 74:1.0 3291:1.0 72:0.999999999999 2101:0.999999999917 2046:0.999999997303 384:0.999999543421 4372:0.999927090601
0
0
0
0
0
1 2040:0.999332386659
0
0
0
0
0
1 1899:0.999999999999
0
1 4130:0.999776818025
0
0
0
0
0
0
0
0
6 205:1.0 1536:0.999999999925 3298:0.999999999885 3290:0.99999999649 3664:0.999999984848 2233:0.999906705741
0
0
0
1 2757:0.999996229079
0
0
2 4010:0.999999999926 4171:0.999857398669
0
0
0
0
0
0
0
1 2057:0.999996724705
0
0
0
0
1 2022:1.0
0
0
0
0
0
0
0
0
0
0
0
0
2 3475:0.999999998734 879:0.999999926161
0
0
0
0
0
0
0
0
0
0
0
0
0
2 673:1.0 1425:0.999999999957
0
0
0
0
0
0
0
0
2 1087:0.999999782602 3964:0.999886865343
0
0
0
0
0
0
0
0
0
0
0
0
0
0
0
0
0
2 1933:0.999999999999 1956:0.997213896918
0
0
0
0
0
0
0
0
0
6 2083:1.0 504:1.0 2206:0.999999999998 1077:0.999999999687 4047:0.999999995005 2584:0.99999998451
1 3642:0.999999999996
0
0
0
3 2871:0.99999999928 3816:0.999991916916 2791:0.999991674221
0
0
0
0
0
0
0
0
0
0
3 4221:0.99995669588 4004:0.750094403426 3815:0.479102206242
0
35 1426:1.0 4370:0.999999999997 100:0.999999999989 3122:0.999999997062 3100:0.999999958114 3966:0.999999935277 3856:0.99999980645 3264:0.999999448685 2294:0.999998534724 101:0.999997439119 2557:0.999997026071 673:0.999996905851 2581:0.999989596138 1963:0.999900054057 3411:0.999893607226 1103:0.999728078859 1855:0.999625553994 2951:0.999459140192 1172:0.998876042388 543:0.997949542226 351:0.996979842363 4364:0.988815360215 970:0.98853041587 4006:0.986386588636 1378:0.951055775917 3701:0.867061167493 2629:0.859240950682 1404:0.807765002626 4483:0.692190482015 539:0.518516762525 763:0.4699997303 2696:0.170643332095 4045:0.162294082255 184:0.10475257846 4058:0.100919443642
0
2 4009:1.0 1596:0.999999999999
0
0
0
0
0
0
0
0
0
0
1 328:0.999706339537
0
0
0
0
0
0
0
0
0
0
0
0
0
0
0
0
0
0
0
0
1 2809:1.0
0
0
0
0
0
0
0
0
1 2048:0.999999225144
0
1 781:0.999977717734
0
0
0
0
1 3044:0.999999977801
0
0
0
0
0
0
0
0
0
0
0
0
0
0
0
0
1 2811:0.99999995787
0
10 428:1.0 2266:1.0 1266:0.999999999999 4146:0.999999999727 2939:0.999999904388 2394:0.999999257784 4472:0.999998009541 44:0.999955254701 114:0.99983124725 4130:0.99958761401
0
0
0
0
2 2090:1.0 950:0.999999999999
0
0
0
0
0
0
1 2494:0.999999999153
0
1 497:0.999999991214
0
0
0
0
0
0
0
0
0
0
0
0
0
0
0
3 2754:0.999999999821 1890:0.999999999493 2366:0.999894652411
0
1 516:0.999999999996
0
0
0
1 231:0.999999986506
0
0
0
0
0
0
0
0
0
0
0
0
0
0
0
0
2 477:0.999999999996 4002:0.999999997149
0
0
0
0
0
0
0
0
0
0
0
0
2 1613:0.81625776875 182:0.169191401981
0
0
0
2 3179:0.999999999982 4369:0.999999602852
0
1 1912:1.0
0
0
0
0
0
0
0
0
0
0
0
1 2248:1.0
0
0
0
0
0
0
0
0
0
0
0
0
0
0
0
1 4027:0.999994145834
0
0
0
0
0
0
0
0
0
0
0
0
0
0
0
0
0
0
1 2490:1.0
0
5 3048:1.0 2521:1.0 2917:0.999999999936 3670:0.999999979261 308:0.999999756753
2 3824:1.0 1161:0.999998019648
0
0
0
0
0
0
0
0
0
0
0
0
3 2193:1.0 2901:0.999989947374 3728:0.99982390624
0
0
0
1 1090:0.999999994723
0
0
0
1 3280:0.99993938671
0
0
0
0
0
0
6 1987:0.999999999757 1252:0.999999995761 4480:0.996752135413 914:0.491784458745 1229:0.355803733751 1420:0.292857286552
0
0
0
0
2 681:0.999999999999 890:0.999784277961
0
0
0
0
0
0
0
0
0
0
0
0
0
0
0
0
3 4357:1.0 2342:0.999999999999 2875:0.999999920114
0
0
0
0
0
0
7 867:1.0 936:1.0 2546:0.999999999735 2119:0.999999969304 3012:0.999999916765 1337:0.999999740364 3934:0.999999512687
0
0
2 2561:0.999999999299 1626:0.999999824108
0
0
0
0
0
0
0
0
0
0
0
1 2103:0.999874099294
0
1 448:0.999999523654
0
0
0
1 405:0.998597042091
0
0
0
0
0
0
0
0
4 2021:1.0 943:0.999999774676 270:0.999389537944 3048:0.767150385026
0
0
0
15 880:1.0 4148:1.0 368:1.0 2673:0.999999999999 4282:0.999999999998 2395:0.999999999992 1291:0.999999999983 1119:0.99999999983 3386:0.999999999763 4123:0.999999986581 325:0.99999978308 748:0.999999455803 4023:0.999997343824 694:0.999675184867 3849:0.999358636916
0
0
1 1634:0.999999998772
0
0
0
0
0
0
0
0
0
0
0
0
1 1451:0.145637903236
0
0
0
0
0
0
0
0
0
0
0
0
0
0
0
0
0
0
0
3 2135:1.0 2493:0.999999999975 1933:0.999990401054
0
0
0
0
0
0
0
0
0
0
0
0
0
0
0
0
0
0
0
0
0
0
0
0
0
0
1 2041:0.999999999997
0
0
0
0
0
0
0
0
0
0
0
0
0
0
0
0
1 3350:0.999999071061
2 608:1.0 3002:0.999999999988
0
0
0
0
5 1785:0.99999999999 76:0.999999999092 4345:0.999999985928 4366:0.999999832384 27:0.997749319187
0
0
2 4083:1.0 3393:0.999999999981
0
0
0
0
0
0
0
0
0
1 2665:0.999999994527
0
0
0
0
1 1677:0.999999893337
0
0
0
2 3473:0.932308560084 2089:0.214540741656
0
0
3 4277:0.999999999996 2697:0.999999990832 3886:0.999999662059
0
0
0
0
0
0
0
0
0
0
0
1 2280:0.999993080948
0
0
1 2085:0.999999214471
0
0
0
0
0
0
0
0
0
0
0
3 3223:0.999999998018 3405:0.999999953714 3987:0.999999840795
0
0
0
0
0
0
0
0
0
0
5 837:1.0 1677:1.0 2809:0.999999996651 2113:0.999999493532 1693:0.660284279583
0
1 863:0.999995594713
0
0
0
0
0
0
0
0
0
0
0
0
0
0
0
0
0
0
8 1564:1.0 1857:1.0 3091:0.999999999853 2255:0.999999916577 2317:0.999999568626 4475:0.999998823107 4265:0.999998206737 3298:0.999994785353
0
0
9 500:1.0 2521:1.0 2813:1.0 4365:0.999999997079 3334:0.999999994386 1874:0.999999839605 3674:0.999999748629 3139:0.999998473904 3951:0.999996899256
0
0
0
0
0
0
0
0
0
0
0
0
0
1 52:1.0
0
0
0
0
0
0
0
0
0
0
0
0
0
2 3169:1.0 2652:0.999870898565
0
0
0
0
0
0
0
0
2 1461:0.999999996277 3224:0.59947064133
0
0
0
0
0
0
0
9 4473:1.0 1547:1.0 4437:1.0 1638:0.999999999994 1639:0.999999999954 106:0.999999997497 159:0.999999984772 1586:0.999999920626 138:0.999896258417
0
0
0
1 1596:1.0
0
0
0
0
0
0
0
0
0
0
0
0
0
4 3871:1.0 4425:0.999999999965 1252:0.999982666909 3601:0.999332278993
0
1 1734:0.999995474017
0
0
0
0
1 1359:0.999967580151
0
0
0
0
0
0
1 2130:0.999998130794
0
0
1 3633:0.999999847301
0
0
0
0
0
2 226:1.0 3012:0.999995582219
0
0
0
0
0
0
0
0
0
0
0
0
6 1467:0.999999695308 2615:0.999420449641 3940:0.99829700075 509:0.994665336179 2330:0.977641542708 3288:0.204964847287
0
0
0
0
0
0
0
1 2185:0.999999894502
0
0
0
0
0
0
0
0
0
0
0
0
1 4262:0.999999990121
0
0
1 4247:0.996427483914
0
2 613:1.0 1104:0.999833762038
0
0
0
0
0
0
0
0
0
0
0
8 3972:1.0 1878:1.0 1161:1.0 2057:1.0 2496:0.999999999993 3510:0.999999999785 2939:0.999997799725 890:0.99999630999
0
1 2765:0.999989211456
0
0
0
0
0
0
0
5 3951:1.0 999:0.999999999997 1080:0.999999994776 4199:0.999984064271 2355:0.999930989995
0
0
0
0
0
4 190:1.0 11:0.999999999993 2749:0.999113929548 1192:0.998229274268
4 2744:0.998719099203 3758:0.997116150888 27:0.991348617501 648:0.960932323187
0
0
0
0
1 3008:1.0
2 3090:0.999999999587 1665:0.998581920542
0
0
0
0
1 3890:0.99999988451
0
0
1 4111:0.999999953366
0
0
4 3409:0.999055579343 1871:0.998736080593 1706:0.983276366293 1194:0.122944646849
4 1166:1.0 3446:1.0 886:0.999999993019 2635:0.999999986902
0
0
0
0
0
0
1 4227:0.999995092139
0
0
0
0
0
0
0
0
2 680:0.999999999992 2548:0.999999671394
0
0
1 927:0.999999999999
0
0
0
0
0
0
0
0
0
0
0
0
0
0
0
0
0
0
0
0
0
0
0
1 477:0.999999996334
0
0
0
0
0
5 3296:1.0 2676:0.999999999998 403:0.999999988197 4185:0.999978484708 699:0.999924876196
0
0
0
0
0
0
0
0
0
0
0
0
0
0
0
0
0
0
0
0
0
0
0
0
0
0
0
0
0
0
0
0
7 4272:1.0 1334:1.0 613:1.0 3060:0.999999999997 741:0.999999999993 2180:0.999999999933 3256:0.999999676277
0
0
0
0
0
0
0
3 421:0.999999999902 384:0.999963307904 308:0.999696450772
0
0
0
0
0
0
0
0
0
1 1161:0.99999978719
0
5 2400:0.99999999999 3226:0.99999999996 3166:0.999977006911 2474:0.99983143612 2050:0.998017735301
0
1 793:0.999999802933
1 4060:0.999999994296
0
0
0
0
0
0
0
0
0
0
5 735:1.0 2503:0.999999999999 3826:0.999999999504 716:0.999999856162 1963:0.991310572235
0
0
0
0
0
1 3305:0.999999394018
0
0
0
0
0
0
0
0
0
0
0
0
0
0
0
0
0
0
0
0
0
0
0
0
0
0
0
0
0
0
0
0
8 70:1.0 3205:1.0 2450:1.0 336:0.999999999998 99:0.999999566331 687:0.999998910192 1556:0.999943275273 4026:0.999907116894
0
0
0
0
0
0
0
0
0
0
0
0
0
0
0
0
0
6 3276:1.0 4276:1.0 3017:1.0 405:0.999999999977 3806:0.999999982807 2577:0.999981932968
0
0
0
0
0
0
0
0
0
0
0
0
0
0
0
0
0
0
3 558:0.999999999991 4079:0.999999996248 4032:0.999495785861
0
0
6 1071:0.999999999986 2103:0.999999999367 256:0.999999999106 4347:0.999999976154 3663:0.99999996437 2687:0.999999225477
0
0
0
2 1942:0.9999923336 1596:0.999759678775
0
0
0
0
0
0
0
0
1 4130:0.999776818025
0
0
0
0
0
0
0
0
0
0
0
0
0
0
0
0
0
0
0
0
0
0
0
0
0
0
0
0
3 859:1.0 3658:1.0 4113:0.999999949664
1 2525:0.999745923717
0
0
0
1 529:1.0
0
0
0
0
0
0
0
1 1717:0.999999999999
0
0
0
0
1 149:0.999999995843
0
0
0
0
0
0
0
0
0
0
1 2108:0.999989058312
0
0
4 1949:0.999886899126 2081:0.999596864992 2317:0.998102061255 1445:0.314413334298
0
0
0
0
0
0
0
1 1558:0.999476208944
0
0
0
0
0
0
0
0
0
0
0
0
0
0
0
0
0
0
0
0
0
0
0
0
0
0
0
0
1 2134:0.999999997427
1 967:1.0
0
0
0
0
0
0
6 203:1.0 2985:1.0 4411:1.0 2565:0.999999999989 1469:0.999999999972 1651:0.999995209872
0
0
0
0
6 386:1.0 3471:1.0 226:0.999999999978 4227:0.999983152252 208:0.99979419465 3562:0.9962294948
0
0
0
0
0
0
0
1 413:0.999999812993
0
0
0
0
0
0
0
0
0
0
0
0
2 818:1.0 686:0.99999719082
1 3288:0.999996868548
0
0
0
0
0
0
0
0
0
0
0
0
0
0
0
0
0
0
0
0
0
0
0
0
0
0
0
0
0
0
0
0
0
0
0
0
0
0
0
0
0
0
0
0
0
0
0
0
0
0
0
0
0
0
0
0
0
0
0
0
0
0
0
0
0
0
0
0
0
0
0
0
0
0
0
0
0
0
0
0
0
0
0
0
0
0
0
