0
0
0
0
0
0
0
0
0
0
0
0
0
0
0
0
0
0
0
0
2 328 4348
2 1732 3593
6 250 1521 2315 2596 3083 3726
0
0
0
0
0
1 440
0
0
0
0
4 774 878 2228 2301
0
0
0
0
0
0
0
0
0
0
0
0
0
23 44 434 761 807 808 1534 1552 1672 1948 2038 2223 2570 2632 2890 2935 3290 3571 3646 3919 3949 3972 4308 4342
0
0
0
0
1 2275
0
0
0
0
0
0
0
0
0
0
0
3 934 2495 4074
0
0
0
0
0
0
0
0
0
0
0
0
0
0
1 3755
0
4 1206 1640 1914 2424
0
0
5 128 1007 1823 3337 3915
0
0
0
0
0
0
1 1173
1 825
0
0
0
0
0
0
0
0
0
4 1191 1192 2253 4049
0
0
0
0
0
1 673
0
0
0
0
0
2 1721 3981
0
0
0
0
0
0
0
0
0
0
0
0
0
0
2 485 1802
0
0
2 249 1355
0
0
0
0
0
0
0
0
0
0
0
0
0
0
1 4118
0
0
0
0
0
2 2230 2607
0
0
0
0
0
4 570 1125 1447 4440
0
0
0
0
0
0
0
2 2201 2404
0
0
0
0
1 682
0
0
0
0
0
0
1 2381
0
0
0
0
0
0
0
0
0
0
0
0
0
0
0
0
0
0
0
2 781 1019
0
0
0
0
0
1 2234
1 4042
0
0
0
0
0
0
0
0
0
0
1 3268
0
0
0
0
0
0
0
0
0
0
0
0
0
0
0
0
0
0
0
3 52 615 2299
0
0
0
0
0
0
0
0
0
0
2 343 3839
0
0
0
0
0
0
0
0
0
0
0
0
0
0
0
0
0
0
0
0
0
0
0
0
0
2 2058 3608
0
0
1 1973
0
0
0
0
0
0
0
0
0
0
0
0
0
0
0
0
0
0
0
1 3218
0
0
0
0
0
0
0
0
0
0
1 1806
0
1 3118
0
30 57 296 388 570 591 646 1171 1175 1292 1300 1389 1434 1647 1781 1871 2006 2109 2156 2195 2235 2400 2620 2694 2784 2957 2970 3545 4036 4172 4337
0
0
3 591 860 2282
0
1 1204
2 1638 2741
8 72 74 384 1344 2046 2101 3291 4372
0
0
0
0
0
1 2040
0
0
0
0
0
1 1899
0
1 4130
0
0
0
0
0
0
0
0
6 205 1536 2233 3290 3298 3664
0
0
0
1 2757
0
0
2 4010 4171
0
0
0
0
0
0
0
1 2057
0
0
0
0
1 2022
0
0
0
0
0
0
0
0
0
0
0
0
2 879 3475
0
0
0
0
0
0
0
0
0
0
0
0
0
2 673 1425
0
0
0
0
0
0
0
0
2 1087 3964
0
0
0
0
0
0
0
0
0
0
0
0
0
0
0
0
0
2 1933 1956
0
0
0
0
0
0
0
0
0
6 504 1077 2083 2206 2584 4047
1 3642
0
0
0
3 2791 2871 3816
0
0
0
0
0
0
0
0
0
0
3 3815 4004 4221
0
35 100 101 184 351 539 543 673 763 970 1103 1172 1378 1404 1426 1855 1963 2294 2557 2581 2629 2696 2951 3100 3122 3264 3411 3701 3856 3966 4006 4045 4058 4364 4370 4483
0
2 1596 4009
0
0
0
0
0
0
0
0
0
0
1 328
0
0
0
0
0
0
0
0
0
0
0
0
0
0
0
0
0
0
0
0
1 2809
0
0
0
0
0
0
0
0
1 2048
0
1 781
0
0
0
0
1 3044
0
0
0
0
0
0
0
0
0
0
0
0
0
0
0
0
1 2811
0
10 44 114 428 1266 2266 2394 2939 4130 4146 4472
0
0
0
0
2 950 2090
0
0
0
0
0
0
1 2494
0
1 497
0
0
0
0
0
0
0
0
0
0
0
0
0
0
0
3 1890 2366 2754
0
1 516
0
0
0
1 231
0
0
0
0
0
0
0
0
0
0
0
0
0
0
0
0
2 477 4002
0
0
0
0
0
0
0
0
0
0
0
0
2 182 1613
0
0
0
2 3179 4369
0
1 1912
0
0
0
0
0
0
0
0
0
0
0
1 2248
0
0
0
0
0
0
0
0
0
0
0
0
0
0
0
1 4027
0
0
0
0
0
0
0
0
0
0
0
0
0
0
0
0
0
0
1 2490
0
5 308 2521 2917 3048 3670
2 1161 3824
0
0
0
0
0
0
0
0
0
0
0
0
3 2193 2901 3728
0
0
0
1 1090
0
0
0
1 3280
0
0
0
0
0
0
6 914 1229 1252 1420 1987 4480
0
0
0
0
2 681 890
0
0
0
0
0
0
0
0
0
0
0
0
0
0
0
0
3 2342 2875 4357
0
0
0
0
0
0
7 867 936 1337 2119 2546 3012 3934
0
0
2 1626 2561
0
0
0
0
0
0
0
0
0
0
0
1 2103
0
1 448
0
0
0
1 405
0
0
0
0
0
0
0
0
4 270 943 2021 3048
0
0
0
15 325 368 694 748 880 1119 1291 2395 2673 3386 3849 4023 4123 4148 4282
0
0
1 1634
0
0
0
0
0
0
0
0
0
0
0
0
1 1451
0
0
0
0
0
0
0
0
0
0
0
0
0
0
0
0
0
0
0
3 1933 2135 2493
0
0
0
0
0
0
0
0
0
0
0
0
0
0
0
0
0
0
0
0
0
0
0
0
0
0
1 2041
0
0
0
0
0
0
0
0
0
0
0
0
0
0
0
0
1 3350
2 608 3002
0
0
0
0
5 27 76 1785 4345 4366
0
0
2 3393 4083
0
0
0
0
0
0
0
0
0
1 2665
0
0
0
0
1 1677
0
0
0
2 2089 3473
0
0
3 2697 3886 4277
0
0
0
0
0
0
0
0
0
0
0
1 2280
0
0
1 2085
0
0
0
0
0
0
0
0
0
0
0
3 3223 3405 3987
0
0
0
0
0
0
0
0
0
0
5 837 1677 1693 2113 2809
0
1 863
0
0
0
0
0
0
0
0
0
0
0
0
0
0
0
0
0
0
8 1564 1857 2255 2317 3091 3298 4265 4475
0
0
9 500 1874 2521 2813 3139 3334 3674 3951 4365
0
0
0
0
0
0
0
0
0
0
0
0
0
1 52
0
0
0
0
0
0
0
0
0
0
0
0
0
2 2652 3169
0
0
0
0
0
0
0
0
2 1461 3224
0
0
0
0
0
0
0
9 106 138 159 1547 1586 1638 1639 4437 4473
0
0
0
1 1596
0
0
0
0
0
0
0
0
0
0
0
0
0
4 1252 3601 3871 4425
0
1 1734
0
0
0
0
1 1359
0
0
0
0
0
0
1 2130
0
0
1 3633
0
0
0
0
0
2 226 3012
0
0
0
0
0
0
0
0
0
0
0
0
6 509 1467 2330 2615 3288 3940
0
0
0
0
0
0
0
1 2185
0
0
0
0
0
0
0
0
0
0
0
0
1 4262
0
0
1 4247
0
2 613 1104
0
0
0
0
0
0
0
0
0
0
0
8 890 1161 1878 2057 2496 2939 3510 3972
0
1 2765
0
0
0
0
0
0
0
5 999 1080 2355 3951 4199
0
0
0
0
0
4 11 190 1192 2749
4 27 648 2744 3758
0
0
0
0
1 3008
2 1665 3090
0
0
0
0
1 3890
0
0
1 4111
0
0
4 1194 1706 1871 3409
4 886 1166 2635 3446
0
0
0
0
0
0
1 4227
0
0
0
0
0
0
0
0
2 680 2548
0
0
1 927
0
0
0
0
0
0
0
0
0
0
0
0
0
0
0
0
0
0
0
0
0
0
0
1 477
0
0
0
0
0
5 403 699 2676 3296 4185
0
0
0
0
0
0
0
0
0
0
0
0
0
0
0
0
0
0
0
0
0
0
0
0
0
0
0
0
0
0
0
0
7 613 741 1334 2180 3060 3256 4272
0
0
0
0
0
0
0
3 308 384 421
0
0
0
0
0
0
0
0
0
1 1161
0
5 2050 2400 2474 3166 3226
0
1 793
1 4060
0
0
0
0
0
0
0
0
0
0
5 716 735 1963 2503 3826
0
0
0
0
0
1 3305
0
0
0
0
0
0
0
0
0
0
0
0
0
0
0
0
0
0
0
0
0
0
0
0
0
0
0
0
0
0
0
0
8 70 99 336 687 1556 2450 3205 4026
0
0
0
0
0
0
0
0
0
0
0
0
0
0
0
0
0
6 405 2577 3017 3276 3806 4276
0
0
0
0
0
0
0
0
0
0
0
0
0
0
0
0
0
0
3 558 4032 4079
0
0
6 256 1071 2103 2687 3663 4347
0
0
0
2 1596 1942
0
0
0
0
0
0
0
0
1 4130
0
0
0
0
0
0
0
0
0
0
0
0
0
0
0
0
0
0
0
0
0
0
0
0
0
0
0
0
3 859 3658 4113
1 2525
0
0
0
1 529
0
0
0
0
0
0
0
1 1717
0
0
0
0
1 149
0
0
0
0
0
0
0
0
0
0
1 2108
0
0
4 1445 1949 2081 2317
0
0
0
0
0
0
0
1 1558
0
0
0
0
0
0
0
0
0
0
0
0
0
0
0
0
0
0
0
0
0
0
0
0
0
0
0
0
1 2134
1 967
0
0
0
0
0
0
6 203 1469 1651 2565 2985 4411
0
0
0
0
6 208 226 386 3471 3562 4227
0
0
0
0
0
0
0
1 413
0
0
0
0
0
0
0
0
0
0
0
0
2 686 818
1 3288
0
0
0
0
0
0
0
0
0
0
0
0
0
0
0
0
0
0
0
0
0
0
0
0
0
0
0
0
0
0
0
0
0
0
0
0
0
0
0
0
0
0
0
0
0
0
0
0
0
0
0
0
0
0
0
0
0
0
0
0
0
0
0
0
0
0
0
0
0
0
0
0
0
0
0
0
0
0
0
0
0
0
0
0
0
0
0
