0.0
0.0
0.0
0.0
0.0
0.0
0.0
0.0029411764705882353
0.0
0.0
0.0
0.0
0.0
0.003289473684210526
0.0
0.0
0.0034129692832764505
0.003424657534246575
0.0
0.0
0.0035587188612099642
0.0
0.0
0.0
0.0
0.003745318352059925
0.0
0.0
0.0
0.0
0.0
0.0
0.0
0.00392156862745098
0.0
0.0
0.0
0.0
0.0
0.0
0.0
0.0
0.0
0.0
0.0
0.0
0.0
0.00425531914893617
0.0
0.0
0.0
0.0
0.0
0.004424778761061947
0.0
0.0
0.0
0.0
0.0
0.0
0.0
0.0
0.0
0.0
0.0
0.0
0.004784688995215311
0.0
0.004807692307692308
0.0
0.0
0.0
0.0
0.0
0.0
0.0
0.0
0.0
0.0
0.0
0.0
0.0
0.0
0.0
0.0
0.0
0.0
0.0
0.0
0.0
0.0
0.0
0.0
0.0
0.0
0.0
0.0
0.0
0.0
0.0
0.0
0.0
0.0
0.010869565217391304
0.0
0.0
0.0
0.0
0.0
0.0
0.0
0.0
0.0
0.0
0.0
0.0
0.0
0.0
0.0
0.0
0.0
0.0
0.0
0.0
0.005649717514124294
0.0
0.0
0.0
0.0
0.0
0.0
0.0
0.0
0.011764705882352941
0.0058823529411764705
0.0
0.0
0.0
0.011976047904191617
0.0
0.0
0.0
0.006024096385542169
0.0
0.0
0.0
0.0
0.0
0.0
0.0
0.006211180124223602
0.006211180124223602
0.0
0.0
0.00625
0.0
0.0
0.0
0.0
0.0
0.00641025641025641
0.0
0.0
0.0
0.0
0.006535947712418301
0.0
0.0
0.0
0.006711409395973154
0.0
0.0
0.0
0.0
0.0
0.0
0.006802721088435374
0.0
0.00684931506849315
0.0
0.0
0.0
0.0
0.0
0.0
0.0
0.0
0.0
0.0
0.014184397163120567
0.0
0.0
0.0
0.0
0.0
0.0
0.0
0.0
0.0
0.0
0.0
0.0
0.0
0.0
0.0
0.0
0.0
0.0
0.0
0.0
0.0
0.0
0.0
0.0
0.0
0.0
0.0
0.0
0.0
0.0
0.0
0.0
0.0
0.0
0.0
0.0
0.0
0.0
0.0
0.0
0.0
0.0
0.0
0.0
0.0
0.0
0.0
0.0
0.0
0.007352941176470588
0.007352941176470588
0.0
0.0
0.0
0.0
0.0
0.0
0.0
0.0
0.007633587786259542
0.007633587786259542
0.0
0.0
0.0
0.0
0.0
0.0
0.0078125
0.0
0.0
0.0
0.0
0.0
0.0
0.0
0.0
0.0
0.0
0.0
0.008
0.008
0.0
0.0
0.0
0.0
0.0
0.0
0.008064516129032258
0.0
0.0
0.024390243902439025
0.0
0.0
0.0
0.0
0.0
0.008333333333333333
0.0
0.008403361344537815
0.0
0.0
0.00847457627118644
0.0
0.008547008547008548
0.0
0.0
0.0
0.0
0.0
0.0
0.0
0.0
0.008695652173913044
0.0
0.0
0.008695652173913044
0.0
0.0
0.0
0.0
0.0
0.0
0.008771929824561403
0.008771929824561403
0.0
0.008849557522123894
0.008849557522123894
0.0
0.0
0.008849557522123894
0.0
0.0
0.0
0.0
0.017857142857142856
0.0
0.0
0.0
0.0
0.0
0.0
0.0
0.0
0.0
0.00909090909090909
0.0
0.0
0.0
0.0
0.01834862385321101
0.0
0.018518518518518517
0.0
0.009259259259259259
0.0
0.0
0.0
0.0
0.0
0.0
0.0
0.0
0.009433962264150943
0.0
0.0
0.0
0.009523809523809525
0.0
0.009523809523809525
0.009615384615384616
0.009615384615384616
0.009615384615384616
0.0
0.0
0.0
0.0
0.009708737864077669
0.0
0.0
0.009708737864077669
0.0
0.0
0.00980392156862745
0.009900990099009901
0.0
0.0
0.0
0.0
0.0297029702970297
0.0
0.0
0.0
0.0
0.01
0.01
0.0
0.0
0.010101010101010102
0.0
0.0
0.0
0.0
0.0
0.0
0.0
0.0
0.0
0.0
0.0
0.0
0.0
0.0
0.0
0.01020408163265306
0.0
0.010309278350515464
0.010309278350515464
0.0
0.010309278350515464
0.0
0.0
0.010416666666666666
0.010416666666666666
0.0
0.020833333333333332
0.0
0.0
0.010416666666666666
0.010416666666666666
0.0
0.010526315789473684
0.0
0.010526315789473684
0.0
0.010526315789473684
0.0
0.010638297872340425
0.010638297872340425
0.0
0.0
0.0
0.0
0.0
0.0
0.010638297872340425
0.010638297872340425
0.0
0.010752688172043012
0.0
0.0
0.0
0.010752688172043012
0.0
0.0
0.0
0.0
0.010869565217391304
0.0
0.0
0.010869565217391304
0.010869565217391304
0.0
0.010869565217391304
0.0
0.0
0.021739130434782608
0.0
0.0
0.0
0.01098901098901099
0.0
0.0
0.0
0.02197802197802198
0.0
0.0
0.0
0.011111111111111112
0.011111111111111112
0.0
0.011111111111111112
0.0
0.011235955056179775
0.011235955056179775
0.0
0.0
0.0
0.011235955056179775
0.0
0.0
0.011235955056179775
0.0
0.0
0.022727272727272728
0.011363636363636364
0.0
0.0
0.0
0.0
0.011363636363636364
0.0
0.0
0.0
0.0
0.011494252873563218
0.0
0.0
0.0
0.0
0.0
0.0
0.0
0.0
0.011627906976744186
0.0
0.0
0.0
0.011764705882352941
0.0
0.0
0.0
0.011764705882352941
0.0
0.011764705882352941
0.011764705882352941
0.0
0.0
0.011904761904761904
0.011904761904761904
0.0
0.011904761904761904
0.0
0.0
0.0
0.0
0.011904761904761904
0.0
0.011904761904761904
0.012048192771084338
0.0
0.0
0.0
0.0
0.0
0.0
0.012048192771084338
0.0
0.012195121951219513
0.0
0.0
0.0
0.0
0.0
0.0
0.0
0.0
0.0
0.012345679012345678
0.0
0.012345679012345678
0.012345679012345678
0.012345679012345678
0.012345679012345678
0.0
0.012345679012345678
0.0
0.0
0.0125
0.0
0.0
0.0
0.0
0.0125
0.0
0.0125
0.0
0.0
0.025
0.025
0.012658227848101266
0.012658227848101266
0.012658227848101266
0.0
0.0
0.0
0.0
0.0
0.0
0.0
0.0
0.0
0.0
0.0
0.01282051282051282
0.0
0.012987012987012988
0.0
0.0
0.012987012987012988
0.0
0.0
0.0
0.0
0.0
0.0
0.0
0.0
0.0
0.0
0.0
0.0
0.013157894736842105
0.013157894736842105
0.0
0.0
0.0
0.0
0.02631578947368421
0.0
0.013333333333333334
0.0
0.0
0.0
0.0
0.013333333333333334
0.0
0.0
0.0
0.0
0.0
0.0
0.013513513513513514
0.0
0.0
0.0
0.013513513513513514
0.013513513513513514
0.0
0.0
0.0
0.013513513513513514
0.0
0.0136986301369863
0.0273972602739726
0.0
0.0136986301369863
0.0
0.0
0.0
0.0273972602739726
0.0273972602739726
0.0
0.0136986301369863
0.0
0.0
0.0
0.0
0.0
0.0273972602739726
0.0136986301369863
0.0136986301369863
0.0
0.0136986301369863
0.0
0.013888888888888888
0.0
0.0
0.0
0.0
0.0
0.013888888888888888
0.0
0.0
0.013888888888888888
0.0
0.0
0.0
0.0
0.0
0.014084507042253521
0.014084507042253521
0.028169014084507043
0.0
0.028169014084507043
0.0
0.014084507042253521
0.028169014084507043
0.0
0.014084507042253521
0.014084507042253521
0.0
0.014285714285714285
0.014285714285714285
0.02857142857142857
0.0
0.014285714285714285
0.014285714285714285
0.0
0.014285714285714285
0.0
0.02857142857142857
0.0
0.014492753623188406
0.0
0.0
0.0
0.014492753623188406
0.0
0.0
0.0
0.0
0.014492753623188406
0.0
0.0
0.0
0.014705882352941176
0.0
0.014705882352941176
0.0
0.0
0.0
0.0
0.0
0.014925373134328358
0.014925373134328358
0.0
0.029850746268656716
0.0
0.0
0.0
0.0
0.0
0.0
0.0
0.0
0.015151515151515152
0.0
0.015151515151515152
0.0
0.0
0.0
0.0
0.015151515151515152
0.015151515151515152
0.0
0.0
0.015151515151515152
0.0
0.015384615384615385
0.0
0.0
0.0
0.0
0.0
0.0
0.0
0.0
0.015625
0.0
0.015625
0.015625
0.0
0.0
0.0
0.015625
0.0
0.015625
0.0
0.015625
0.03125
0.015625
0.0
0.0
0.0
0.0
0.0
0.0
0.015873015873015872
0.015873015873015872
0.015873015873015872
0.0
0.015873015873015872
0.0
0.015873015873015872
0.015873015873015872
0.0
0.0
0.0
0.015873015873015872
0.0
0.015873015873015872
0.0
0.0
0.0
0.0
0.0
0.0
0.03225806451612903
0.0
0.016129032258064516
0.03225806451612903
0.016129032258064516
0.0
0.03225806451612903
0.03225806451612903
0.016129032258064516
0.016129032258064516
0.0
0.0
0.0
0.0
0.0
0.016129032258064516
0.03225806451612903
0.0
0.03278688524590164
0.0
0.0
0.0
0.0
0.0
0.0
0.04918032786885246
0.01639344262295082
0.01639344262295082
0.01639344262295082
0.0
0.0
0.01639344262295082
0.0
0.0
0.01639344262295082
0.01639344262295082
0.01639344262295082
0.0
0.01639344262295082
0.0
0.016666666666666666
0.0
0.0
0.016666666666666666
0.016666666666666666
0.016666666666666666
0.0
0.016666666666666666
0.0
0.0
0.0
0.0
0.0
0.0
0.016666666666666666
0.0
0.0
0.0
0.01694915254237288
0.01694915254237288
0.03389830508474576
0.01694915254237288
0.0
0.0
0.0
0.01694915254237288
0.0
0.03389830508474576
0.01694915254237288
0.0
0.0
0.0
0.0
0.0
0.0
0.0
0.017241379310344827
0.0
0.0
0.017241379310344827
0.017241379310344827
0.0
0.0
0.0
0.017241379310344827
0.0
0.017241379310344827
0.0
0.0
0.017543859649122806
0.03508771929824561
0.017543859649122806
0.017543859649122806
0.03508771929824561
0.017543859649122806
0.017543859649122806
0.0
0.03508771929824561
0.017543859649122806
0.0
0.017543859649122806
0.0
0.0
0.0
0.0
0.017543859649122806
0.0
0.0
0.017543859649122806
0.0
0.0
0.017543859649122806
0.017543859649122806
0.0
0.017857142857142856
0.017857142857142856
0.0
0.0
0.0
0.0
0.0
0.0
0.017857142857142856
0.0
0.0
0.0
0.0
0.017857142857142856
0.0
0.017857142857142856
0.0
0.017857142857142856
0.0
0.0
0.0
0.0
0.0
0.01818181818181818
0.01818181818181818
0.0
0.0
0.0
0.0
0.0
0.0
0.0
0.01818181818181818
0.0
0.0
0.0
0.0
0.01818181818181818
0.0
0.0
0.018518518518518517
0.018518518518518517
0.0
0.018518518518518517
0.018518518518518517
0.018518518518518517
0.0
0.037037037037037035
0.018518518518518517
0.0
0.0
0.0
0.018518518518518517
0.0
0.0
0.018518518518518517
0.018518518518518517
0.0
0.018518518518518517
0.0
0.0
0.0
0.0
0.0
0.018867924528301886
0.018867924528301886
0.0
0.0
0.018867924528301886
0.0
0.0
0.0
0.0
0.0
0.03773584905660377
0.0
0.0
0.0
0.0
0.0
0.0
0.019230769230769232
0.019230769230769232
0.0
0.019230769230769232
0.019230769230769232
0.0
0.0
0.019230769230769232
0.0
0.0
0.0
0.057692307692307696
0.0
0.0
0.0
0.0
0.0196078431372549
0.0196078431372549
0.0
0.0196078431372549
0.0
0.0
0.0
0.058823529411764705
0.0
0.0196078431372549
0.0
0.0392156862745098
0.0
0.0
0.058823529411764705
0.0
0.0
0.0196078431372549
0.0392156862745098
0.0
0.0
0.0
0.0
0.0
0.0
0.0
0.0
0.0
0.0
0.02
0.0
0.0
0.0
0.0
0.0
0.02
0.0
0.02
0.02
0.02
0.02
0.0
0.0
0.0
0.02
0.02
0.04
0.0
0.02
0.0
0.02
0.0
0.0
0.02
0.0
0.0
0.04
0.0
0.04
0.02
0.0
0.02
0.02
0.04
0.0
0.0
0.02040816326530612
0.0
0.0
0.02040816326530612
0.02040816326530612
0.02040816326530612
0.02040816326530612
0.02040816326530612
0.04081632653061224
0.0
0.0
0.02040816326530612
0.0
0.02040816326530612
0.0
0.0
0.0
0.0
0.02040816326530612
0.0
0.0
0.02040816326530612
0.02040816326530612
0.0
0.04081632653061224
0.0
0.020833333333333332
0.020833333333333332
0.020833333333333332
0.041666666666666664
0.0
0.0
0.0
0.0
0.020833333333333332
0.0
0.0
0.0
0.0
0.0
0.0
0.0
0.020833333333333332
0.041666666666666664
0.0
0.020833333333333332
0.0
0.020833333333333332
0.020833333333333332
0.020833333333333332
0.041666666666666664
0.0
0.041666666666666664
0.0
0.0
0.020833333333333332
0.020833333333333332
0.020833333333333332
0.041666666666666664
0.0
0.0
0.02127659574468085
0.02127659574468085
0.0
0.0
0.02127659574468085
0.02127659574468085
0.0
0.02127659574468085
0.0
0.02127659574468085
0.02127659574468085
0.0
0.0
0.0
0.0
0.02127659574468085
0.02127659574468085
0.02127659574468085
0.0
0.0
0.0
0.0
0.0
0.02127659574468085
0.02127659574468085
0.0
0.02127659574468085
0.0
0.0
0.02127659574468085
0.02127659574468085
0.02127659574468085
0.02127659574468085
0.0
0.02127659574468085
0.02127659574468085
0.0
0.0
0.0
0.0425531914893617
0.0
0.0
0.02127659574468085
0.0
0.0
0.02127659574468085
0.0
0.02127659574468085
0.0
0.02127659574468085
0.0
0.02127659574468085
0.0
0.0
0.0
0.0
0.021739130434782608
0.021739130434782608
0.0
0.0
0.021739130434782608
0.021739130434782608
0.043478260869565216
0.021739130434782608
0.043478260869565216
0.0
0.0
0.0
0.021739130434782608
0.0
0.021739130434782608
0.043478260869565216
0.0
0.0
0.0
0.0
0.0
0.021739130434782608
0.0
0.0
0.0
0.044444444444444446
0.0
0.0
0.022222222222222223
0.0
0.0
0.022222222222222223
0.022222222222222223
0.0
0.0
0.0
0.0
0.0
0.022222222222222223
0.0
0.0
0.0
0.044444444444444446
0.0
0.0
0.022222222222222223
0.0
0.0
0.0
0.0
0.0
0.0
0.022727272727272728
0.0
0.0
0.0
0.022727272727272728
0.022727272727272728
0.022727272727272728
0.0
0.0
0.0
0.0
0.0
0.0
0.045454545454545456
0.0
0.0
0.0
0.045454545454545456
0.022727272727272728
0.022727272727272728
0.022727272727272728
0.0
0.022727272727272728
0.022727272727272728
0.0
0.022727272727272728
0.022727272727272728
0.0
0.023255813953488372
0.023255813953488372
0.06976744186046512
0.046511627906976744
0.0
0.0
0.046511627906976744
0.046511627906976744
0.023255813953488372
0.0
0.0
0.046511627906976744
0.046511627906976744
0.046511627906976744
0.0
0.0
0.0
0.0
0.0
0.023255813953488372
0.023255813953488372
0.0
0.023255813953488372
0.023255813953488372
0.0
0.023255813953488372
0.023255813953488372
0.0
0.023255813953488372
0.023255813953488372
0.023255813953488372
0.0
0.0
0.023255813953488372
0.0
0.0
0.023255813953488372
0.0
0.047619047619047616
0.023809523809523808
0.0
0.047619047619047616
0.0
0.0
0.0
0.047619047619047616
0.0
0.0
0.0
0.0
0.07142857142857142
0.023809523809523808
0.023809523809523808
0.0
0.023809523809523808
0.0
0.0
0.0
0.0
0.0
0.047619047619047616
0.023809523809523808
0.047619047619047616
0.023809523809523808
0.0
0.0
0.023809523809523808
0.04878048780487805
0.024390243902439025
0.0
0.024390243902439025
0.024390243902439025
0.0
0.0
0.024390243902439025
0.024390243902439025
0.024390243902439025
0.0
0.0
0.0
0.024390243902439025
0.0
0.0
0.024390243902439025
0.0
0.0
0.0
0.0
0.0
0.0
0.0
0.04878048780487805
0.0
0.0
0.024390243902439025
0.0
0.024390243902439025
0.0
0.0
0.0
0.0
0.024390243902439025
0.024390243902439025
0.07317073170731707
0.024390243902439025
0.0
0.0
0.04878048780487805
0.0
0.024390243902439025
0.024390243902439025
0.0
0.024390243902439025
0.024390243902439025
0.0
0.025
0.0
0.0
0.025
0.0
0.0
0.0
0.025
0.05
0.025
0.025
0.0
0.025
0.0
0.025
0.025
0.0
0.025
0.025
0.025
0.025
0.025
0.0
0.0
0.0
0.0
0.05
0.0
0.0
0.0
0.0
0.0
0.05128205128205128
0.07692307692307693
0.0
0.05128205128205128
0.0
0.02564102564102564
0.02564102564102564
0.02564102564102564
0.02564102564102564
0.02564102564102564
0.0
0.0
0.05128205128205128
0.0
0.02564102564102564
0.0
0.0
0.02564102564102564
0.0
0.02564102564102564
0.02564102564102564
0.0
0.0
0.0
0.05128205128205128
0.02564102564102564
0.0
0.0
0.0
0.02564102564102564
0.0
0.02564102564102564
0.0
0.0
0.0
0.0
0.0
0.02564102564102564
0.05128205128205128
0.0
0.02564102564102564
0.02564102564102564
0.0
0.02564102564102564
0.02564102564102564
0.02564102564102564
0.0
0.0
0.0
0.0
0.02631578947368421
0.02631578947368421
0.02631578947368421
0.02631578947368421
0.02631578947368421
0.0
0.02631578947368421
0.0
0.02631578947368421
0.0
0.05263157894736842
0.02631578947368421
0.0
0.0
0.02631578947368421
0.05263157894736842
0.0
0.0
0.0
0.0
0.0
0.0
0.0
0.0
0.05263157894736842
0.0
0.02631578947368421
0.0
0.02631578947368421
0.0
0.02631578947368421
0.02631578947368421
0.05263157894736842
0.0
0.0
0.0
0.0
0.0
0.05263157894736842
0.0
0.0
0.0
0.0
0.0
0.02702702702702703
0.0
0.0
0.0
0.0
0.05405405405405406
0.02702702702702703
0.02702702702702703
0.0
0.0
0.0
0.02702702702702703
0.0
0.02702702702702703
0.0
0.0
0.0
0.02702702702702703
0.0
0.0
0.02702702702702703
0.08108108108108109
0.0
0.0
0.0
0.08108108108108109
0.0
0.0
0.02702702702702703
0.0
0.0
0.02702702702702703
0.02702702702702703
0.0
0.02702702702702703
0.02702702702702703
0.0
0.0
0.05405405405405406
0.02702702702702703
0.0
0.02702702702702703
0.05405405405405406
0.0
0.0
0.027777777777777776
0.027777777777777776
0.0
0.027777777777777776
0.0
0.0
0.05555555555555555
0.08333333333333333
0.05555555555555555
0.0
0.027777777777777776
0.0
0.027777777777777776
0.0
0.08333333333333333
0.0
0.027777777777777776
0.0
0.027777777777777776
0.027777777777777776
0.0
0.08333333333333333
0.0
0.05555555555555555
0.0
0.027777777777777776
0.0
0.027777777777777776
0.0
0.027777777777777776
0.0
0.0
0.027777777777777776
0.0
0.0
0.0
0.027777777777777776
0.05555555555555555
0.0
0.0
0.0
0.0
0.027777777777777776
0.0
0.027777777777777776
0.0
0.0
0.0
0.0
0.0
0.027777777777777776
0.027777777777777776
0.0
0.0
0.0
0.02857142857142857
0.0
0.02857142857142857
0.02857142857142857
0.0
0.0
0.02857142857142857
0.0
0.02857142857142857
0.02857142857142857
0.0
0.0
0.02857142857142857
0.02857142857142857
0.05714285714285714
0.0
0.0
0.02857142857142857
0.05714285714285714
0.0
0.05714285714285714
0.05714285714285714
0.0
0.0
0.0
0.05714285714285714
0.0
0.0
0.02857142857142857
0.02857142857142857
0.0
0.0
0.02857142857142857
0.02857142857142857
0.02857142857142857
0.0
0.0
0.0
0.0
0.0
0.02857142857142857
0.02857142857142857
0.02857142857142857
0.0
0.02857142857142857
0.0
0.08823529411764706
0.08823529411764706
0.029411764705882353
0.058823529411764705
0.058823529411764705
0.0
0.08823529411764706
0.058823529411764705
0.029411764705882353
0.0
0.058823529411764705
0.0
0.0
0.029411764705882353
0.0
0.029411764705882353
0.029411764705882353
0.0
0.029411764705882353
0.0
0.029411764705882353
0.0
0.029411764705882353
0.029411764705882353
0.029411764705882353
0.029411764705882353
0.058823529411764705
0.0
0.0
0.029411764705882353
0.0
0.0
0.058823529411764705
0.0
0.029411764705882353
0.0
0.0
0.029411764705882353
0.029411764705882353
0.0
0.029411764705882353
0.029411764705882353
0.0
0.0
0.029411764705882353
0.029411764705882353
0.029411764705882353
0.029411764705882353
0.058823529411764705
0.0
0.029411764705882353
0.058823529411764705
0.0
0.0
0.029411764705882353
0.0
0.029411764705882353
0.0
0.06060606060606061
0.030303030303030304
0.030303030303030304
0.030303030303030304
0.030303030303030304
0.0
0.030303030303030304
0.0
0.0
0.0
0.030303030303030304
0.0
0.0
0.0
0.030303030303030304
0.030303030303030304
0.0
0.030303030303030304
0.06060606060606061
0.0
0.030303030303030304
0.030303030303030304
0.0
0.0
0.030303030303030304
0.06060606060606061
0.0
0.0
0.0
0.06060606060606061
0.0
0.030303030303030304
0.0
0.0
0.06060606060606061
0.030303030303030304
0.030303030303030304
0.0
0.0
0.030303030303030304
0.0
0.030303030303030304
0.030303030303030304
0.0
0.0
0.030303030303030304
0.09090909090909091
0.030303030303030304
0.030303030303030304
0.0
0.09090909090909091
0.06060606060606061
0.0
0.0
0.030303030303030304
0.06060606060606061
0.0
0.06060606060606061
0.0
0.0
0.0
0.06060606060606061
0.06060606060606061
0.0
0.030303030303030304
0.0
0.0
0.0625
0.0
0.03125
0.0
0.03125
0.03125
0.03125
0.0
0.03125
0.03125
0.0
0.0
0.03125
0.0
0.03125
0.03125
0.0
0.0625
0.0
0.03125
0.0
0.0
0.03125
0.03125
0.09375
0.0
0.0
0.0625
0.0
0.03125
0.0
0.0
0.0625
0.0
0.0
0.03125
0.0
0.0
0.0625
0.03125
0.03125
0.03125
0.0
0.0
0.0
0.0
0.0
0.0
0.03125
0.03125
0.0625
0.0
0.03125
0.0
0.03125
0.0
0.0625
0.0
0.0
0.03125
0.0
0.0
0.03125
0.0625
0.03125
0.0
0.03225806451612903
0.03225806451612903
0.03225806451612903
0.0
0.03225806451612903
0.03225806451612903
0.03225806451612903
0.03225806451612903
0.03225806451612903
0.0
0.0
0.03225806451612903
0.03225806451612903
0.0
0.06451612903225806
0.03225806451612903
0.0
0.03225806451612903
0.0
0.03225806451612903
0.0967741935483871
0.0
0.0
0.03225806451612903
0.03225806451612903
0.03225806451612903
0.06451612903225806
0.0
0.0
0.03225806451612903
0.0
0.03225806451612903
0.06451612903225806
0.03225806451612903
0.0
0.0
0.03225806451612903
0.0
0.0
0.0
0.03225806451612903
0.03225806451612903
0.0
0.0
0.06451612903225806
0.06451612903225806
0.03225806451612903
0.03225806451612903
0.03225806451612903
0.0
0.0
0.0
0.03225806451612903
0.03225806451612903
0.06451612903225806
0.03225806451612903
0.0
0.0
0.06451612903225806
0.0
0.0
0.0
0.0
0.03225806451612903
0.0
0.03225806451612903
0.0
0.06451612903225806
0.03225806451612903
0.03225806451612903
0.0
0.03225806451612903
0.06451612903225806
0.0
0.0
0.0
0.06451612903225806
0.06451612903225806
0.03225806451612903
0.0
0.03225806451612903
0.0
0.06666666666666667
0.03333333333333333
0.0
0.0
0.03333333333333333
0.03333333333333333
0.06666666666666667
0.03333333333333333
0.0
0.03333333333333333
0.03333333333333333
0.0
0.0
0.06666666666666667
0.03333333333333333
0.0
0.0
0.03333333333333333
0.03333333333333333
0.0
0.03333333333333333
0.03333333333333333
0.03333333333333333
0.06666666666666667
0.06666666666666667
0.03333333333333333
0.03333333333333333
0.03333333333333333
0.0
0.0
0.0
0.0
0.0
0.0
0.0
0.03333333333333333
0.0
0.0
0.03333333333333333
0.0
0.0
0.03333333333333333
0.03333333333333333
0.0
0.03333333333333333
0.0
0.03333333333333333
0.0
0.06666666666666667
0.03333333333333333
0.0
0.0
0.03333333333333333
0.03333333333333333
0.03333333333333333
0.03333333333333333
0.0
0.0
0.1
0.06666666666666667
0.0
0.06666666666666667
0.03333333333333333
0.03333333333333333
0.0
0.03333333333333333
0.06666666666666667
0.03333333333333333
0.0
0.03333333333333333
0.0
0.06666666666666667
0.03333333333333333
0.0
0.06666666666666667
0.0
0.06666666666666667
0.06666666666666667
0.0
0.03333333333333333
0.0
0.0
0.03333333333333333
0.0
0.0
0.0
0.0
0.0
0.0
0.0
0.0
0.034482758620689655
0.034482758620689655
0.0
0.0
0.06896551724137931
0.0
0.0
0.034482758620689655
0.034482758620689655
0.06896551724137931
0.0
0.06896551724137931
0.0
0.034482758620689655
0.0
0.0
0.0
0.0
0.034482758620689655
0.0
0.0
0.0
0.06896551724137931
0.034482758620689655
0.034482758620689655
0.0
0.034482758620689655
0.0
0.034482758620689655
0.034482758620689655
0.034482758620689655
0.0
0.034482758620689655
0.034482758620689655
0.034482758620689655
0.034482758620689655
0.034482758620689655
0.034482758620689655
0.034482758620689655
0.0
0.0
0.034482758620689655
0.06896551724137931
0.06896551724137931
0.034482758620689655
0.0
0.034482758620689655
0.0
0.0
0.0
0.034482758620689655
0.0
0.10344827586206896
0.034482758620689655
0.0
0.034482758620689655
0.0
0.0
0.034482758620689655
0.034482758620689655
0.034482758620689655
0.0
0.0
0.034482758620689655
0.0
0.0
0.034482758620689655
0.0
0.0
0.0
0.0
0.0
0.0
0.034482758620689655
0.034482758620689655
0.0
0.0
0.0
0.0
0.07142857142857142
0.0
0.07142857142857142
0.0
0.0
0.03571428571428571
0.03571428571428571
0.0
0.03571428571428571
0.0
0.03571428571428571
0.03571428571428571
0.0
0.03571428571428571
0.0
0.0
0.03571428571428571
0.10714285714285714
0.0
0.03571428571428571
0.07142857142857142
0.0
0.0
0.03571428571428571
0.03571428571428571
0.0
0.0
0.03571428571428571
0.03571428571428571
0.03571428571428571
0.0
0.0
0.03571428571428571
0.03571428571428571
0.03571428571428571
0.03571428571428571
0.0
0.0
0.0
0.07142857142857142
0.03571428571428571
0.0
0.0
0.03571428571428571
0.03571428571428571
0.0
0.07142857142857142
0.0
0.0
0.0
0.03571428571428571
0.03571428571428571
0.0
0.03571428571428571
0.0
0.03571428571428571
0.03571428571428571
0.07142857142857142
0.07142857142857142
0.0
0.0
0.03571428571428571
0.0
0.0
0.03571428571428571
0.07142857142857142
0.03571428571428571
0.0
0.0
0.03571428571428571
0.03571428571428571
0.037037037037037035
0.037037037037037035
0.0
0.0
0.037037037037037035
0.07407407407407407
0.0
0.0
0.037037037037037035
0.037037037037037035
0.07407407407407407
0.037037037037037035
0.0
0.0
0.0
0.0
0.0
0.0
0.037037037037037035
0.037037037037037035
0.037037037037037035
0.037037037037037035
0.037037037037037035
0.037037037037037035
0.037037037037037035
0.0
0.07407407407407407
0.037037037037037035
0.07407407407407407
0.0
0.037037037037037035
0.07407407407407407
0.1111111111111111
0.0
0.0
0.0
0.0
0.0
0.037037037037037035
0.0
0.0
0.037037037037037035
0.07407407407407407
0.037037037037037035
0.07407407407407407
0.037037037037037035
0.0
0.0
0.037037037037037035
0.037037037037037035
0.0
0.0
0.0
0.037037037037037035
0.0
0.07407407407407407
0.037037037037037035
0.0
0.0
0.0
0.037037037037037035
0.0
0.07407407407407407
0.0
0.0
0.037037037037037035
0.037037037037037035
0.07407407407407407
0.0
0.037037037037037035
0.0
0.037037037037037035
0.037037037037037035
0.07407407407407407
0.0
0.07407407407407407
0.1111111111111111
0.037037037037037035
0.037037037037037035
0.038461538461538464
0.0
0.0
0.07692307692307693
0.038461538461538464
0.07692307692307693
0.0
0.0
0.0
0.0
0.0
0.0
0.0
0.0
0.0
0.07692307692307693
0.038461538461538464
0.038461538461538464
0.0
0.0
0.038461538461538464
0.11538461538461539
0.0
0.0
0.0
0.0
0.0
0.038461538461538464
0.07692307692307693
0.0
0.038461538461538464
0.038461538461538464
0.0
0.0
0.07692307692307693
0.0
0.038461538461538464
0.0
0.038461538461538464
0.0
0.0
0.038461538461538464
0.038461538461538464
0.07692307692307693
0.038461538461538464
0.0
0.0
0.0
0.038461538461538464
0.0
0.038461538461538464
0.038461538461538464
0.0
0.0
0.0
0.0
0.038461538461538464
0.038461538461538464
0.038461538461538464
0.0
0.07692307692307693
0.07692307692307693
0.038461538461538464
0.038461538461538464
0.0
0.0
0.0
0.0
0.0
0.038461538461538464
0.0
0.07692307692307693
0.07692307692307693
0.038461538461538464
0.0
0.07692307692307693
0.038461538461538464
0.038461538461538464
0.038461538461538464
0.0
0.07692307692307693
0.07692307692307693
0.07692307692307693
0.0
0.0
0.0
0.0
0.0
0.07692307692307693
0.07692307692307693
0.038461538461538464
0.038461538461538464
0.0
0.0
0.0
0.0
0.0
0.0
0.0
0.0
0.07692307692307693
0.038461538461538464
0.0
0.0
0.0
0.07692307692307693
0.11538461538461539
0.0
0.04
0.0
0.08
0.0
0.0
0.0
0.04
0.08
0.04
0.08
0.0
0.04
0.0
0.0
0.0
0.04
0.0
0.0
0.0
0.04
0.04
0.04
0.0
0.0
0.0
0.04
0.04
0.08
0.04
0.0
0.04
0.0
0.0
0.08
0.04
0.04
0.0
0.08
0.0
0.12
0.04
0.0
0.0
0.0
0.04
0.04
0.0
0.08
0.0
0.0
0.08
0.04
0.04
0.04
0.0
0.04
0.04
0.08
0.04
0.04
0.04
0.0
0.08
0.04
0.04
0.04
0.0
0.08
0.0
0.0
0.12
0.0
0.0
0.08
0.0
0.04
0.08
0.0
0.04
0.0
0.0
0.04
0.08
0.04
0.0
0.04
0.0
0.04
0.04
0.04
0.04
0.04
0.0
0.08
0.04
0.04
0.0
0.08
0.0
0.0
0.04
0.0
0.0
0.0
0.0
0.04
0.0
0.0
0.0
0.0
0.0
0.04
0.0
0.04
0.0
0.08
0.041666666666666664
0.0
0.0
0.0
0.08333333333333333
0.0
0.0
0.08333333333333333
0.041666666666666664
0.08333333333333333
0.08333333333333333
0.0
0.08333333333333333
0.0
0.041666666666666664
0.08333333333333333
0.0
0.0
0.08333333333333333
0.0
0.041666666666666664
0.041666666666666664
0.041666666666666664
0.041666666666666664
0.041666666666666664
0.041666666666666664
0.0
0.041666666666666664
0.0
0.08333333333333333
0.0
0.041666666666666664
0.0
0.0
0.0
0.0
0.0
0.0
0.041666666666666664
0.08333333333333333
0.0
0.041666666666666664
0.08333333333333333
0.041666666666666664
0.041666666666666664
0.0
0.0
0.0
0.041666666666666664
0.041666666666666664
0.041666666666666664
0.041666666666666664
0.0
0.0
0.08333333333333333
0.0
0.0
0.08333333333333333
0.041666666666666664
0.041666666666666664
0.041666666666666664
0.041666666666666664
0.0
0.08333333333333333
0.0
0.041666666666666664
0.041666666666666664
0.0
0.0
0.041666666666666664
0.08333333333333333
0.041666666666666664
0.041666666666666664
0.08333333333333333
0.041666666666666664
0.0
0.041666666666666664
0.0
0.041666666666666664
0.041666666666666664
0.0
0.0
0.0
0.041666666666666664
0.0
0.0
0.041666666666666664
0.0
0.041666666666666664
0.041666666666666664
0.0
0.041666666666666664
0.041666666666666664
0.0
0.08333333333333333
0.041666666666666664
0.0
0.041666666666666664
0.041666666666666664
0.0
0.0
0.041666666666666664
0.041666666666666664
0.0
0.0
0.041666666666666664
0.041666666666666664
0.041666666666666664
0.08333333333333333
0.041666666666666664
0.041666666666666664
0.0
0.08333333333333333
0.041666666666666664
0.0
0.0
0.08695652173913043
0.043478260869565216
0.0
0.0
0.0
0.043478260869565216
0.043478260869565216
0.13043478260869565
0.13043478260869565
0.0
0.043478260869565216
0.0
0.043478260869565216
0.043478260869565216
0.043478260869565216
0.0
0.08695652173913043
0.0
0.0
0.0
0.08695652173913043
0.043478260869565216
0.043478260869565216
0.043478260869565216
0.043478260869565216
0.0
0.0
0.043478260869565216
0.0
0.043478260869565216
0.043478260869565216
0.043478260869565216
0.0
0.0
0.043478260869565216
0.0
0.0
0.043478260869565216
0.043478260869565216
0.043478260869565216
0.0
0.0
0.0
0.043478260869565216
0.0
0.043478260869565216
0.08695652173913043
0.043478260869565216
0.043478260869565216
0.0
0.0
0.0
0.08695652173913043
0.043478260869565216
0.043478260869565216
0.0
0.0
0.043478260869565216
0.0
0.0
0.043478260869565216
0.0
0.0
0.043478260869565216
0.0
0.043478260869565216
0.08695652173913043
0.043478260869565216
0.043478260869565216
0.0
0.043478260869565216
0.08695652173913043
0.0
0.043478260869565216
0.0
0.0
0.043478260869565216
0.0
0.08695652173913043
0.0
0.0
0.0
0.0
0.043478260869565216
0.0
0.0
0.0
0.043478260869565216
0.08695652173913043
0.0
0.043478260869565216
0.043478260869565216
0.043478260869565216
0.043478260869565216
0.0
0.0
0.043478260869565216
0.0
0.043478260869565216
0.0
0.043478260869565216
0.043478260869565216
0.0
0.0
0.043478260869565216
0.08695652173913043
0.043478260869565216
0.043478260869565216
0.043478260869565216
0.0
0.0
0.043478260869565216
0.0
0.0
0.043478260869565216
0.0
0.043478260869565216
0.0
0.08695652173913043
0.043478260869565216
0.043478260869565216
0.043478260869565216
0.0
0.043478260869565216
0.09090909090909091
0.0
0.045454545454545456
0.045454545454545456
0.045454545454545456
0.09090909090909091
0.0
0.045454545454545456
0.09090909090909091
0.13636363636363635
0.0
0.0
0.045454545454545456
0.09090909090909091
0.045454545454545456
0.045454545454545456
0.0
0.045454545454545456
0.045454545454545456
0.0
0.045454545454545456
0.0
0.09090909090909091
0.09090909090909091
0.045454545454545456
0.045454545454545456
0.0
0.0
0.09090909090909091
0.045454545454545456
0.045454545454545456
0.0
0.045454545454545456
0.0
0.09090909090909091
0.0
0.0
0.045454545454545456
0.0
0.0
0.045454545454545456
0.0
0.09090909090909091
0.0
0.0
0.0
0.045454545454545456
0.045454545454545456
0.0
0.0
0.0
0.0
0.09090909090909091
0.045454545454545456
0.09090909090909091
0.045454545454545456
0.0
0.0
0.045454545454545456
0.045454545454545456
0.045454545454545456
0.0
0.0
0.045454545454545456
0.0
0.045454545454545456
0.045454545454545456
0.09090909090909091
0.0
0.0
0.0
0.0
0.0
0.0
0.045454545454545456
0.045454545454545456
0.045454545454545456
0.09090909090909091
0.0
0.045454545454545456
0.0
0.045454545454545456
0.045454545454545456
0.045454545454545456
0.045454545454545456
0.045454545454545456
0.045454545454545456
0.09090909090909091
0.0
0.09090909090909091
0.045454545454545456
0.045454545454545456
0.09090909090909091
0.09090909090909091
0.0
0.0
0.13636363636363635
0.045454545454545456
0.0
0.045454545454545456
0.09090909090909091
0.045454545454545456
0.0
0.0
0.0
0.09090909090909091
0.09090909090909091
0.09090909090909091
0.0
0.045454545454545456
0.0
0.045454545454545456
0.0
0.045454545454545456
0.045454545454545456
0.045454545454545456
0.045454545454545456
0.045454545454545456
0.0
0.0
0.045454545454545456
0.045454545454545456
0.0
0.045454545454545456
0.045454545454545456
0.047619047619047616
0.047619047619047616
0.047619047619047616
0.047619047619047616
0.09523809523809523
0.09523809523809523
0.047619047619047616
0.047619047619047616
0.0
0.047619047619047616
0.047619047619047616
0.0
0.0
0.047619047619047616
0.047619047619047616
0.0
0.047619047619047616
0.0
0.047619047619047616
0.0
0.09523809523809523
0.0
0.047619047619047616
0.09523809523809523
0.0
0.047619047619047616
0.0
0.047619047619047616
0.0
0.0
0.047619047619047616
0.047619047619047616
0.0
0.0
0.047619047619047616
0.09523809523809523
0.047619047619047616
0.0
0.0
0.09523809523809523
0.0
0.047619047619047616
0.047619047619047616
0.047619047619047616
0.09523809523809523
0.0
0.0
0.047619047619047616
0.047619047619047616
0.0
0.0
0.047619047619047616
0.0
0.047619047619047616
0.14285714285714285
0.047619047619047616
0.0
0.0
0.09523809523809523
0.047619047619047616
0.047619047619047616
0.09523809523809523
0.047619047619047616
0.0
0.047619047619047616
0.09523809523809523
0.09523809523809523
0.0
0.0
0.047619047619047616
0.0
0.09523809523809523
0.0
0.0
0.047619047619047616
0.0
0.0
0.047619047619047616
0.14285714285714285
0.0
0.0
0.09523809523809523
0.0
0.09523809523809523
0.0
0.047619047619047616
0.047619047619047616
0.09523809523809523
0.09523809523809523
0.09523809523809523
0.09523809523809523
0.047619047619047616
0.047619047619047616
0.047619047619047616
0.0
0.09523809523809523
0.047619047619047616
0.0
0.0
0.0
0.047619047619047616
0.0
0.047619047619047616
0.0
0.0
0.0
0.047619047619047616
0.0
0.09523809523809523
0.047619047619047616
0.09523809523809523
0.09523809523809523
0.0
0.047619047619047616
0.047619047619047616
0.047619047619047616
0.0
0.047619047619047616
0.047619047619047616
0.047619047619047616
0.047619047619047616
0.047619047619047616
0.047619047619047616
0.047619047619047616
0.047619047619047616
0.0
0.0
0.0
0.047619047619047616
0.0
0.14285714285714285
0.09523809523809523
0.047619047619047616
0.047619047619047616
0.047619047619047616
0.0
0.047619047619047616
0.047619047619047616
0.047619047619047616
0.0
0.05
0.05
0.05
0.0
0.0
0.05
0.1
0.1
0.05
0.05
0.1
0.1
0.05
0.15
0.0
0.0
0.05
0.05
0.0
0.1
0.0
0.05
0.05
0.1
0.15
0.0
0.0
0.1
0.0
0.05
0.0
0.05
0.0
0.0
0.05
0.0
0.05
0.05
0.05
0.05
0.05
0.05
0.1
0.0
0.0
0.0
0.0
0.05
0.05
0.0
0.05
0.0
0.05
0.0
0.05
0.0
0.0
0.1
0.0
0.0
0.05
0.05
0.1
0.05
0.05
0.0
0.0
0.0
0.05
0.05
0.05
0.1
0.05
0.0
0.1
0.05
0.05
0.1
0.1
0.05
0.05
0.0
0.05
0.05
0.0
0.0
0.05
0.0
0.05
0.05
0.0
0.0
0.05
0.1
0.05
0.0
0.05
0.0
0.05
0.0
0.05
0.05
0.0
0.0
0.05
0.0
0.0
0.05
0.0
0.05
0.05
0.1
0.05
0.05
0.0
0.05
0.0
0.05
0.0
0.05
0.0
0.0
0.0
0.0
0.0
0.05
0.0
0.0
0.15789473684210525
0.0
0.0
0.10526315789473684
0.05263157894736842
0.05263157894736842
0.05263157894736842
0.05263157894736842
0.05263157894736842
0.05263157894736842
0.05263157894736842
0.0
0.10526315789473684
0.0
0.0
0.10526315789473684
0.05263157894736842
0.10526315789473684
0.10526315789473684
0.0
0.05263157894736842
0.15789473684210525
0.05263157894736842
0.0
0.05263157894736842
0.05263157894736842
0.05263157894736842
0.10526315789473684
0.05263157894736842
0.05263157894736842
0.0
0.05263157894736842
0.10526315789473684
0.0
0.05263157894736842
0.05263157894736842
0.0
0.0
0.0
0.05263157894736842
0.05263157894736842
0.10526315789473684
0.10526315789473684
0.05263157894736842
0.0
0.0
0.05263157894736842
0.0
0.05263157894736842
0.0
0.10526315789473684
0.05263157894736842
0.05263157894736842
0.0
0.0
0.05263157894736842
0.0
0.05263157894736842
0.10526315789473684
0.0
0.0
0.05263157894736842
0.10526315789473684
0.05263157894736842
0.0
0.05263157894736842
0.0
0.0
0.0
0.05263157894736842
0.0
0.05263157894736842
0.05263157894736842
0.05263157894736842
0.10526315789473684
0.05263157894736842
0.0
0.05263157894736842
0.05263157894736842
0.0
0.05263157894736842
0.0
0.10526315789473684
0.10526315789473684
0.0
0.0
0.0
0.0
0.05263157894736842
0.0
0.05263157894736842
0.0
0.0
0.0
0.05263157894736842
0.10526315789473684
0.05263157894736842
0.0
0.10526315789473684
0.0
0.0
0.05263157894736842
0.0
0.05263157894736842
0.05263157894736842
0.05263157894736842
0.0
0.05263157894736842
0.05263157894736842
0.0
0.0
0.0
0.0
0.15789473684210525
0.05263157894736842
0.0
0.05263157894736842
0.0
0.0
0.0
0.05263157894736842
0.0
0.05263157894736842
0.0
0.10526315789473684
0.15789473684210525
0.05263157894736842
0.05263157894736842
0.05263157894736842
0.05263157894736842
0.0
0.0
0.0
0.0
0.0
0.10526315789473684
0.05263157894736842
0.05263157894736842
0.0
0.05263157894736842
0.05263157894736842
0.05263157894736842
0.0
0.0
0.05263157894736842
0.05263157894736842
0.05263157894736842
0.0
0.05263157894736842
0.0
0.05263157894736842
0.05263157894736842
0.15789473684210525
0.05263157894736842
0.05263157894736842
0.05263157894736842
0.0
0.05263157894736842
0.0
0.0
0.0
0.0
0.05263157894736842
0.0
0.05263157894736842
0.0
0.15789473684210525
0.0
0.05263157894736842
0.10526315789473684
0.05263157894736842
0.10526315789473684
0.10526315789473684
0.10526315789473684
0.05263157894736842
0.10526315789473684
0.05263157894736842
0.05263157894736842
0.0
0.0
0.0
0.0
0.0
0.0
0.0
0.05555555555555555
0.05555555555555555
0.05555555555555555
0.1111111111111111
0.0
0.0
0.0
0.05555555555555555
0.0
0.0
0.16666666666666666
0.0
0.0
0.0
0.1111111111111111
0.05555555555555555
0.05555555555555555
0.05555555555555555
0.05555555555555555
0.0
0.0
0.0
0.05555555555555555
0.05555555555555555
0.0
0.05555555555555555
0.0
0.0
0.0
0.0
0.1111111111111111
0.0
0.05555555555555555
0.0
0.0
0.0
0.0
0.05555555555555555
0.05555555555555555
0.05555555555555555
0.05555555555555555
0.05555555555555555
0.1111111111111111
0.0
0.05555555555555555
0.0
0.0
0.05555555555555555
0.05555555555555555
0.0
0.0
0.05555555555555555
0.05555555555555555
0.05555555555555555
0.1111111111111111
0.0
0.05555555555555555
0.1111111111111111
0.05555555555555555
0.05555555555555555
0.05555555555555555
0.05555555555555555
0.0
0.0
0.0
0.05555555555555555
0.05555555555555555
0.0
0.0
0.05555555555555555
0.0
0.1111111111111111
0.0
0.05555555555555555
0.05555555555555555
0.0
0.1111111111111111
0.05555555555555555
0.0
0.0
0.0
0.05555555555555555
0.05555555555555555
0.05555555555555555
0.05555555555555555
0.05555555555555555
0.0
0.05555555555555555
0.0
0.0
0.05555555555555555
0.0
0.0
0.1111111111111111
0.05555555555555555
0.05555555555555555
0.0
0.16666666666666666
0.0
0.05555555555555555
0.1111111111111111
0.0
0.05555555555555555
0.05555555555555555
0.0
0.05555555555555555
0.05555555555555555
0.0
0.0
0.0
0.0
0.1111111111111111
0.0
0.0
0.05555555555555555
0.0
0.0
0.05555555555555555
0.05555555555555555
0.0
0.1111111111111111
0.0
0.0
0.05555555555555555
0.1111111111111111
0.05555555555555555
0.0
0.16666666666666666
0.0
0.05555555555555555
0.0
0.05555555555555555
0.0
0.16666666666666666
0.0
0.05555555555555555
0.1111111111111111
0.0
0.0
0.0
0.0
0.0
0.0
0.0
0.05555555555555555
0.05555555555555555
0.0
0.0
0.0
0.05555555555555555
0.0
0.05555555555555555
0.0
0.05555555555555555
0.0
0.05555555555555555
0.0
0.0
0.0
0.05555555555555555
0.0
0.0
0.05555555555555555
0.0
0.11764705882352941
0.058823529411764705
0.0
0.0
0.11764705882352941
0.0
0.0
0.0
0.058823529411764705
0.0
0.17647058823529413
0.0
0.058823529411764705
0.0
0.0
0.0
0.11764705882352941
0.058823529411764705
0.0
0.11764705882352941
0.0
0.0
0.0
0.0
0.0
0.11764705882352941
0.0
0.0
0.0
0.0
0.11764705882352941
0.058823529411764705
0.058823529411764705
0.0
0.0
0.0
0.0
0.058823529411764705
0.058823529411764705
0.0
0.058823529411764705
0.0
0.0
0.058823529411764705
0.11764705882352941
0.0
0.058823529411764705
0.058823529411764705
0.058823529411764705
0.058823529411764705
0.058823529411764705
0.11764705882352941
0.058823529411764705
0.0
0.0
0.0
0.058823529411764705
0.058823529411764705
0.058823529411764705
0.058823529411764705
0.0
0.0
0.0
0.0
0.058823529411764705
0.11764705882352941
0.11764705882352941
0.058823529411764705
0.17647058823529413
0.0
0.058823529411764705
0.11764705882352941
0.0
0.058823529411764705
0.058823529411764705
0.058823529411764705
0.058823529411764705
0.058823529411764705
0.11764705882352941
0.0
0.058823529411764705
0.0
0.11764705882352941
0.11764705882352941
0.058823529411764705
0.0
0.058823529411764705
0.058823529411764705
0.0
0.0
0.11764705882352941
0.11764705882352941
0.058823529411764705
0.058823529411764705
0.058823529411764705
0.058823529411764705
0.058823529411764705
0.0
0.0
0.0
0.0
0.058823529411764705
0.058823529411764705
0.0
0.11764705882352941
0.0
0.0
0.0
0.0
0.0
0.0
0.0
0.058823529411764705
0.058823529411764705
0.058823529411764705
0.0
0.0
0.058823529411764705
0.0
0.11764705882352941
0.058823529411764705
0.0
0.0
0.058823529411764705
0.058823529411764705
0.058823529411764705
0.058823529411764705
0.0
0.0
0.0
0.058823529411764705
0.11764705882352941
0.0
0.11764705882352941
0.058823529411764705
0.0
0.0
0.058823529411764705
0.058823529411764705
0.058823529411764705
0.11764705882352941
0.17647058823529413
0.058823529411764705
0.11764705882352941
0.0
0.11764705882352941
0.0
0.058823529411764705
0.0
0.0
0.0
0.058823529411764705
0.058823529411764705
0.058823529411764705
0.0
0.0
0.0
0.11764705882352941
0.11764705882352941
0.0
0.125
0.0
0.0625
0.0
0.0
0.0
0.0625
0.0
0.0
0.125
0.0625
0.0625
0.0625
0.0
0.0
0.0
0.125
0.0625
0.125
0.0625
0.0625
0.0625
0.0625
0.0625
0.0625
0.125
0.0625
0.0
0.125
0.0625
0.125
0.0
0.0
0.0
0.0625
0.0
0.0625
0.0625
0.0625
0.0625
0.0625
0.0625
0.125
0.0
0.0
0.0625
0.125
0.125
0.0
0.1875
0.0625
0.0
0.0625
0.0
0.0
0.0625
0.0
0.0625
0.0625
0.0
0.1875
0.0625
0.0625
0.0
0.0625
0.0625
0.0625
0.0
0.0
0.0
0.0625
0.0
0.0
0.0
0.0
0.0
0.0625
0.0
0.125
0.0625
0.0625
0.125
0.0
0.0
0.0625
0.0625
0.0625
0.0625
0.0
0.0625
0.0
0.0
0.125
0.0625
0.0625
0.0625
0.125
0.0
0.0
0.0625
0.0
0.1875
0.0
0.0
0.0
0.0625
0.0625
0.0
0.0625
0.0
0.0
0.0
0.125
0.0
0.0
0.0625
0.0625
0.0
0.0
0.0625
0.0
0.125
0.125
0.0
0.0
0.0625
0.0
0.0625
0.0625
0.0
0.0
0.0625
0.0
0.0
0.0
0.0
0.0
0.0
0.0625
0.0625
0.0625
0.0625
0.0625
0.0
0.0
0.0625
0.0
0.0
0.0625
0.0
0.0625
0.0625
0.0625
0.0
0.0
0.0
0.0625
0.0
0.0
0.0625
0.0625
0.0
0.0625
0.0
0.0625
0.0625
0.0
0.0625
0.0625
0.0
0.0
0.0
0.0625
0.0
0.125
0.0625
0.0625
0.0625
0.0
0.0
0.0625
0.125
0.125
0.0
0.0
0.0
0.0625
0.0
0.0
0.125
0.0625
0.125
0.125
0.0625
0.0625
0.0625
0.125
0.0625
0.0625
0.0625
0.0
0.0625
0.125
0.0
0.0625
0.0625
0.0
0.0625
0.0625
0.0625
0.0
0.0
0.0
0.13333333333333333
0.06666666666666667
0.06666666666666667
0.0
0.0
0.0
0.0
0.0
0.0
0.13333333333333333
0.13333333333333333
0.0
0.0
0.06666666666666667
0.06666666666666667
0.13333333333333333
0.13333333333333333
0.06666666666666667
0.06666666666666667
0.06666666666666667
0.13333333333333333
0.06666666666666667
0.0
0.0
0.13333333333333333
0.0
0.0
0.06666666666666667
0.13333333333333333
0.0
0.06666666666666667
0.06666666666666667
0.0
0.06666666666666667
0.06666666666666667
0.0
0.0
0.0
0.06666666666666667
0.0
0.06666666666666667
0.06666666666666667
0.0
0.0
0.0
0.0
0.13333333333333333
0.2
0.13333333333333333
0.06666666666666667
0.0
0.0
0.06666666666666667
0.06666666666666667
0.0
0.0
0.06666666666666667
0.06666666666666667
0.0
0.0
0.06666666666666667
0.0
0.13333333333333333
0.0
0.06666666666666667
0.06666666666666667
0.0
0.06666666666666667
0.0
0.0
0.0
0.0
0.06666666666666667
0.0
0.06666666666666667
0.0
0.06666666666666667
0.0
0.06666666666666667
0.0
0.0
0.0
0.06666666666666667
0.06666666666666667
0.06666666666666667
0.0
0.0
0.0
0.13333333333333333
0.06666666666666667
0.0
0.06666666666666667
0.0
0.06666666666666667
0.0
0.06666666666666667
0.13333333333333333
0.0
0.06666666666666667
0.0
0.0
0.06666666666666667
0.06666666666666667
0.13333333333333333
0.0
0.06666666666666667
0.06666666666666667
0.0
0.0
0.06666666666666667
0.0
0.06666666666666667
0.06666666666666667
0.0
0.0
0.0
0.06666666666666667
0.0
0.0
0.0
0.13333333333333333
0.0
0.13333333333333333
0.0
0.0
0.06666666666666667
0.0
0.0
0.0
0.0
0.06666666666666667
0.06666666666666667
0.13333333333333333
0.06666666666666667
0.06666666666666667
0.0
0.13333333333333333
0.06666666666666667
0.13333333333333333
0.13333333333333333
0.06666666666666667
0.0
0.13333333333333333
0.0
0.0
0.0
0.13333333333333333
0.0
0.0
0.06666666666666667
0.13333333333333333
0.13333333333333333
0.06666666666666667
0.13333333333333333
0.06666666666666667
0.06666666666666667
0.06666666666666667
0.06666666666666667
0.0
0.06666666666666667
0.2
0.0
0.06666666666666667
0.0
0.13333333333333333
0.0
0.0
0.13333333333333333
0.13333333333333333
0.06666666666666667
0.13333333333333333
0.0
0.0
0.0
0.0
0.0
0.06666666666666667
0.13333333333333333
0.0
0.0
0.06666666666666667
0.06666666666666667
0.0
0.0
0.06666666666666667
0.13333333333333333
0.06666666666666667
0.0
0.06666666666666667
0.13333333333333333
0.13333333333333333
0.06666666666666667
0.0
0.06666666666666667
0.0
0.0
0.0
0.06666666666666667
0.06666666666666667
0.0
0.06666666666666667
0.0
0.06666666666666667
0.0
0.0
0.0
0.06666666666666667
0.13333333333333333
0.06666666666666667
0.0
0.0
0.0
0.0
0.0
0.06666666666666667
0.06666666666666667
0.0
0.06666666666666667
0.06666666666666667
0.13333333333333333
0.0
0.07142857142857142
0.07142857142857142
0.0
0.0
0.0
0.07142857142857142
0.07142857142857142
0.07142857142857142
0.0
0.0
0.0
0.07142857142857142
0.21428571428571427
0.07142857142857142
0.07142857142857142
0.07142857142857142
0.14285714285714285
0.0
0.0
0.0
0.0
0.0
0.0
0.07142857142857142
0.07142857142857142
0.0
0.07142857142857142
0.0
0.07142857142857142
0.07142857142857142
0.14285714285714285
0.07142857142857142
0.0
0.0
0.0
0.07142857142857142
0.07142857142857142
0.07142857142857142
0.0
0.07142857142857142
0.0
0.0
0.0
0.0
0.07142857142857142
0.07142857142857142
0.07142857142857142
0.07142857142857142
0.0
0.0
0.07142857142857142
0.21428571428571427
0.0
0.14285714285714285
0.0
0.0
0.0
0.14285714285714285
0.14285714285714285
0.07142857142857142
0.0
0.07142857142857142
0.14285714285714285
0.07142857142857142
0.07142857142857142
0.0
0.07142857142857142
0.0
0.07142857142857142
0.07142857142857142
0.14285714285714285
0.0
0.14285714285714285
0.0
0.14285714285714285
0.14285714285714285
0.0
0.0
0.0
0.0
0.0
0.07142857142857142
0.14285714285714285
0.07142857142857142
0.0
0.14285714285714285
0.07142857142857142
0.0
0.0
0.0
0.0
0.0
0.07142857142857142
0.0
0.0
0.0
0.07142857142857142
0.0
0.07142857142857142
0.07142857142857142
0.0
0.0
0.07142857142857142
0.0
0.07142857142857142
0.0
0.07142857142857142
0.07142857142857142
0.07142857142857142
0.07142857142857142
0.07142857142857142
0.07142857142857142
0.0
0.07142857142857142
0.0
0.07142857142857142
0.07142857142857142
0.0
0.07142857142857142
0.0
0.0
0.07142857142857142
0.0
0.07142857142857142
0.0
0.0
0.0
0.07142857142857142
0.14285714285714285
0.07142857142857142
0.0
0.14285714285714285
0.0
0.0
0.0
0.0
0.07142857142857142
0.07142857142857142
0.07142857142857142
0.0
0.0
0.0
0.07142857142857142
0.0
0.07142857142857142
0.14285714285714285
0.0
0.07142857142857142
0.0
0.07142857142857142
0.14285714285714285
0.07142857142857142
0.14285714285714285
0.0
0.07142857142857142
0.0
0.0
0.14285714285714285
0.0
0.21428571428571427
0.07142857142857142
0.14285714285714285
0.14285714285714285
0.07142857142857142
0.0
0.07142857142857142
0.07142857142857142
0.0
0.0
0.07142857142857142
0.07142857142857142
0.0
0.0
0.07142857142857142
0.07142857142857142
0.0
0.0
0.07142857142857142
0.07142857142857142
0.14285714285714285
0.14285714285714285
0.07142857142857142
0.0
0.0
0.07142857142857142
0.0
0.0
0.07142857142857142
0.0
0.0
0.07142857142857142
0.0
0.0
0.07142857142857142
0.14285714285714285
0.07142857142857142
0.07142857142857142
0.14285714285714285
0.0
0.0
0.14285714285714285
0.0
0.07142857142857142
0.07142857142857142
0.0
0.0
0.07142857142857142
0.0
0.07142857142857142
0.0
0.07142857142857142
0.07142857142857142
0.0
0.07142857142857142
0.0
0.07142857142857142
0.0
0.0
0.07142857142857142
0.14285714285714285
0.14285714285714285
0.0
0.14285714285714285
0.07692307692307693
0.23076923076923078
0.07692307692307693
0.07692307692307693
0.0
0.0
0.15384615384615385
0.15384615384615385
0.0
0.0
0.07692307692307693
0.15384615384615385
0.15384615384615385
0.15384615384615385
0.0
0.07692307692307693
0.15384615384615385
0.07692307692307693
0.07692307692307693
0.07692307692307693
0.0
0.07692307692307693
0.0
0.0
0.0
0.07692307692307693
0.0
0.0
0.07692307692307693
0.07692307692307693
0.07692307692307693
0.0
0.07692307692307693
0.0
0.0
0.07692307692307693
0.07692307692307693
0.07692307692307693
0.07692307692307693
0.07692307692307693
0.0
0.15384615384615385
0.0
0.07692307692307693
0.0
0.0
0.07692307692307693
0.0
0.0
0.07692307692307693
0.0
0.0
0.0
0.07692307692307693
0.07692307692307693
0.0
0.0
0.0
0.07692307692307693
0.07692307692307693
0.07692307692307693
0.0
0.07692307692307693
0.0
0.15384615384615385
0.15384615384615385
0.15384615384615385
0.07692307692307693
0.0
0.07692307692307693
0.15384615384615385
0.15384615384615385
0.15384615384615385
0.07692307692307693
0.07692307692307693
0.0
0.15384615384615385
0.15384615384615385
0.0
0.15384615384615385
0.0
0.0
0.0
0.0
0.07692307692307693
0.07692307692307693
0.15384615384615385
0.07692307692307693
0.07692307692307693
0.07692307692307693
0.15384615384615385
0.15384615384615385
0.07692307692307693
0.0
0.0
0.0
0.0
0.07692307692307693
0.15384615384615385
0.07692307692307693
0.0
0.07692307692307693
0.07692307692307693
0.0
0.07692307692307693
0.15384615384615385
0.0
0.0
0.07692307692307693
0.07692307692307693
0.07692307692307693
0.0
0.07692307692307693
0.07692307692307693
0.0
0.07692307692307693
0.15384615384615385
0.0
0.07692307692307693
0.15384615384615385
0.07692307692307693
0.0
0.0
0.07692307692307693
0.07692307692307693
0.07692307692307693
0.07692307692307693
0.0
0.0
0.0
0.23076923076923078
0.07692307692307693
0.0
0.15384615384615385
0.07692307692307693
0.07692307692307693
0.07692307692307693
0.07692307692307693
0.0
0.23076923076923078
0.0
0.0
0.0
0.0
0.07692307692307693
0.0
0.0
0.0
0.0
0.07692307692307693
0.0
0.07692307692307693
0.0
0.07692307692307693
0.15384615384615385
0.07692307692307693
0.0
0.0
0.07692307692307693
0.0
0.07692307692307693
0.07692307692307693
0.15384615384615385
0.0
0.07692307692307693
0.07692307692307693
0.0
0.15384615384615385
0.0
0.07692307692307693
0.0
0.0
0.0
0.0
0.07692307692307693
0.0
0.0
0.0
0.0
0.07692307692307693
0.0
0.0
0.07692307692307693
0.07692307692307693
0.07692307692307693
0.0
0.0
0.07692307692307693
0.0
0.07692307692307693
0.07692307692307693
0.23076923076923078
0.07692307692307693
0.07692307692307693
0.15384615384615385
0.15384615384615385
0.0
0.0
0.0
0.07692307692307693
0.0
0.07692307692307693
0.0
0.15384615384615385
0.07692307692307693
0.0
0.07692307692307693
0.15384615384615385
0.0
0.15384615384615385
0.23076923076923078
0.0
0.0
0.0
0.0
0.07692307692307693
0.0
0.07692307692307693
0.0
0.0
0.07692307692307693
0.0
0.0
0.0
0.0
0.0
0.0
0.0
0.0
0.0
0.0
0.0
0.07692307692307693
0.0
0.0
0.15384615384615385
0.07692307692307693
0.07692307692307693
0.0
0.0
0.15384615384615385
0.0
0.07692307692307693
0.0
0.0
0.0
0.15384615384615385
0.0
0.07692307692307693
0.07692307692307693
0.07692307692307693
0.0
0.0
0.0
0.0
0.0
0.07692307692307693
0.0
0.0
0.0
0.0
0.16666666666666666
0.08333333333333333
0.0
0.0
0.08333333333333333
0.08333333333333333
0.0
0.08333333333333333
0.0
0.0
0.0
0.08333333333333333
0.25
0.08333333333333333
0.0
0.0
0.0
0.0
0.16666666666666666
0.08333333333333333
0.08333333333333333
0.16666666666666666
0.08333333333333333
0.0
0.08333333333333333
0.0
0.0
0.08333333333333333
0.0
0.08333333333333333
0.25
0.08333333333333333
0.16666666666666666
0.08333333333333333
0.0
0.16666666666666666
0.0
0.0
0.08333333333333333
0.08333333333333333
0.0
0.0
0.0
0.08333333333333333
0.0
0.08333333333333333
0.0
0.0
0.0
0.16666666666666666
0.16666666666666666
0.0
0.08333333333333333
0.08333333333333333
0.0
0.0
0.08333333333333333
0.0
0.0
0.08333333333333333
0.08333333333333333
0.08333333333333333
0.0
0.0
0.0
0.0
0.16666666666666666
0.08333333333333333
0.16666666666666666
0.0
0.08333333333333333
0.08333333333333333
0.08333333333333333
0.0
0.0
0.0
0.0
0.0
0.08333333333333333
0.08333333333333333
0.08333333333333333
0.08333333333333333
0.0
0.0
0.08333333333333333
0.0
0.0
0.08333333333333333
0.0
0.0
0.08333333333333333
0.0
0.08333333333333333
0.16666666666666666
0.0
0.0
0.08333333333333333
0.0
0.16666666666666666
0.08333333333333333
0.0
0.0
0.0
0.16666666666666666
0.08333333333333333
0.08333333333333333
0.08333333333333333
0.08333333333333333
0.08333333333333333
0.08333333333333333
0.08333333333333333
0.08333333333333333
0.0
0.08333333333333333
0.08333333333333333
0.25
0.16666666666666666
0.16666666666666666
0.08333333333333333
0.16666666666666666
0.0
0.0
0.0
0.08333333333333333
0.0
0.08333333333333333
0.0
0.08333333333333333
0.0
0.0
0.08333333333333333
0.16666666666666666
0.08333333333333333
0.0
0.16666666666666666
0.0
0.16666666666666666
0.08333333333333333
0.08333333333333333
0.08333333333333333
0.0
0.08333333333333333
0.0
0.16666666666666666
0.08333333333333333
0.0
0.0
0.0
0.0
0.16666666666666666
0.08333333333333333
0.0
0.16666666666666666
0.0
0.08333333333333333
0.08333333333333333
0.16666666666666666
0.0
0.0
0.0
0.0
0.0
0.08333333333333333
0.0
0.16666666666666666
0.08333333333333333
0.08333333333333333
0.0
0.08333333333333333
0.0
0.0
0.08333333333333333
0.16666666666666666
0.08333333333333333
0.08333333333333333
0.08333333333333333
0.16666666666666666
0.0
0.08333333333333333
0.08333333333333333
0.0
0.0
0.0
0.0
0.08333333333333333
0.08333333333333333
0.16666666666666666
0.08333333333333333
0.0
0.0
0.08333333333333333
0.08333333333333333
0.08333333333333333
0.08333333333333333
0.08333333333333333
0.16666666666666666
0.16666666666666666
0.08333333333333333
0.0
0.08333333333333333
0.16666666666666666
0.25
0.16666666666666666
0.16666666666666666
0.0
0.08333333333333333
0.0
0.08333333333333333
0.0
0.0
0.0
0.08333333333333333
0.08333333333333333
0.0
0.25
0.0
0.16666666666666666
0.08333333333333333
0.08333333333333333
0.08333333333333333
0.08333333333333333
0.08333333333333333
0.0
0.16666666666666666
0.08333333333333333
0.0
0.16666666666666666
0.08333333333333333
0.16666666666666666
0.08333333333333333
0.08333333333333333
0.0
0.08333333333333333
0.08333333333333333
0.08333333333333333
0.16666666666666666
0.0
0.08333333333333333
0.0
0.08333333333333333
0.0
0.16666666666666666
0.0
0.0
0.08333333333333333
0.08333333333333333
0.0
0.0
0.16666666666666666
0.08333333333333333
0.25
0.08333333333333333
0.0
0.08333333333333333
0.0
0.16666666666666666
0.0
0.16666666666666666
0.0
0.08333333333333333
0.08333333333333333
0.0
0.08333333333333333
0.0
0.16666666666666666
0.0
0.08333333333333333
0.08333333333333333
0.08333333333333333
0.0
0.0
0.0
0.0
0.08333333333333333
0.16666666666666666
0.0
0.08333333333333333
0.08333333333333333
0.0
0.16666666666666666
0.08333333333333333
0.08333333333333333
0.08333333333333333
0.08333333333333333
0.08333333333333333
0.08333333333333333
0.08333333333333333
0.0
0.0
0.18181818181818182
0.09090909090909091
0.0
0.18181818181818182
0.09090909090909091
0.09090909090909091
0.0
0.09090909090909091
0.09090909090909091
0.09090909090909091
0.09090909090909091
0.0
0.09090909090909091
0.18181818181818182
0.09090909090909091
0.0
0.09090909090909091
0.09090909090909091
0.09090909090909091
0.09090909090909091
0.0
0.0
0.0
0.09090909090909091
0.09090909090909091
0.09090909090909091
0.18181818181818182
0.18181818181818182
0.09090909090909091
0.0
0.09090909090909091
0.09090909090909091
0.0
0.09090909090909091
0.09090909090909091
0.09090909090909091
0.0
0.09090909090909091
0.0
0.18181818181818182
0.09090909090909091
0.09090909090909091
0.09090909090909091
0.09090909090909091
0.0
0.18181818181818182
0.09090909090909091
0.09090909090909091
0.09090909090909091
0.2727272727272727
0.0
0.18181818181818182
0.0
0.0
0.0
0.0
0.0
0.09090909090909091
0.0
0.09090909090909091
0.09090909090909091
0.0
0.09090909090909091
0.09090909090909091
0.18181818181818182
0.18181818181818182
0.18181818181818182
0.0
0.0
0.09090909090909091
0.09090909090909091
0.09090909090909091
0.0
0.2727272727272727
0.18181818181818182
0.18181818181818182
0.0
0.0
0.09090909090909091
0.09090909090909091
0.09090909090909091
0.09090909090909091
0.0
0.0
0.09090909090909091
0.0
0.0
0.2727272727272727
0.0
0.18181818181818182
0.09090909090909091
0.09090909090909091
0.09090909090909091
0.18181818181818182
0.0
0.0
0.09090909090909091
0.0
0.09090909090909091
0.09090909090909091
0.0
0.09090909090909091
0.09090909090909091
0.0
0.09090909090909091
0.0
0.0
0.09090909090909091
0.0
0.0
0.09090909090909091
0.09090909090909091
0.0
0.09090909090909091
0.09090909090909091
0.09090909090909091
0.18181818181818182
0.0
0.0
0.0
0.0
0.0
0.09090909090909091
0.0
0.2727272727272727
0.18181818181818182
0.0
0.0
0.0
0.09090909090909091
0.0
0.18181818181818182
0.0
0.18181818181818182
0.09090909090909091
0.09090909090909091
0.18181818181818182
0.0
0.0
0.18181818181818182
0.18181818181818182
0.09090909090909091
0.0
0.09090909090909091
0.18181818181818182
0.0
0.0
0.18181818181818182
0.0
0.18181818181818182
0.0
0.09090909090909091
0.09090909090909091
0.09090909090909091
0.18181818181818182
0.0
0.09090909090909091
0.09090909090909091
0.0
0.18181818181818182
0.09090909090909091
0.09090909090909091
0.0
0.09090909090909091
0.0
0.09090909090909091
0.09090909090909091
0.0
0.09090909090909091
0.0
0.09090909090909091
0.09090909090909091
0.0
0.2727272727272727
0.2727272727272727
0.0
0.09090909090909091
0.0
0.09090909090909091
0.0
0.09090909090909091
0.0
0.18181818181818182
0.0
0.09090909090909091
0.0
0.09090909090909091
0.09090909090909091
0.0
0.09090909090909091
0.0
0.0
0.0
0.09090909090909091
0.0
0.18181818181818182
0.09090909090909091
0.18181818181818182
0.09090909090909091
0.09090909090909091
0.09090909090909091
0.09090909090909091
0.0
0.0
0.0
0.0
0.0
0.09090909090909091
0.09090909090909091
0.09090909090909091
0.0
0.18181818181818182
0.0
0.0
0.18181818181818182
0.0
0.0
0.18181818181818182
0.0
0.09090909090909091
0.0
0.09090909090909091
0.09090909090909091
0.09090909090909091
0.09090909090909091
0.18181818181818182
0.09090909090909091
0.0
0.09090909090909091
0.09090909090909091
0.0
0.0
0.0
0.0
0.18181818181818182
0.09090909090909091
0.0
0.0
0.0
0.09090909090909091
0.0
0.09090909090909091
0.09090909090909091
0.18181818181818182
0.18181818181818182
0.09090909090909091
0.0
0.18181818181818182
0.09090909090909091
0.18181818181818182
0.18181818181818182
0.18181818181818182
0.0
0.0
0.0
0.2727272727272727
0.0
0.0
0.0
0.0
0.2727272727272727
0.09090909090909091
0.0
0.09090909090909091
0.0
0.18181818181818182
0.09090909090909091
0.0
0.09090909090909091
0.2727272727272727
0.0
0.18181818181818182
0.18181818181818182
0.09090909090909091
0.0
0.0
0.18181818181818182
0.09090909090909091
0.09090909090909091
0.0
0.18181818181818182
0.09090909090909091
0.09090909090909091
0.09090909090909091
0.09090909090909091
0.18181818181818182
0.09090909090909091
0.0
0.0
0.09090909090909091
0.18181818181818182
0.09090909090909091
0.18181818181818182
0.0
0.0
0.0
0.0
0.0
0.0
0.2727272727272727
0.0
0.18181818181818182
0.09090909090909091
0.18181818181818182
0.18181818181818182
0.0
0.0
0.09090909090909091
0.0
0.09090909090909091
0.09090909090909091
0.09090909090909091
0.09090909090909091
0.09090909090909091
0.09090909090909091
0.09090909090909091
0.09090909090909091
0.0
0.09090909090909091
0.09090909090909091
0.0
0.09090909090909091
0.09090909090909091
0.0
0.09090909090909091
0.0
0.2
0.1
0.0
0.2
0.1
0.0
0.1
0.2
0.1
0.0
0.0
0.0
0.1
0.2
0.1
0.0
0.1
0.2
0.1
0.0
0.0
0.0
0.0
0.1
0.1
0.0
0.1
0.0
0.0
0.0
0.1
0.2
0.1
0.0
0.1
0.1
0.1
0.3
0.0
0.0
0.1
0.0
0.1
0.0
0.1
0.1
0.2
0.1
0.0
0.1
0.0
0.1
0.0
0.0
0.0
0.0
0.0
0.0
0.2
0.1
0.1
0.0
0.0
0.0
0.1
0.0
0.1
0.3
0.1
0.1
0.1
0.1
0.1
0.0
0.1
0.1
0.2
0.0
0.1
0.1
0.0
0.2
0.1
0.0
0.0
0.1
0.1
0.1
0.2
0.1
0.1
0.0
0.0
0.1
0.1
0.0
0.0
0.2
0.1
0.1
0.2
0.2
0.0
0.1
0.1
0.1
0.2
0.1
0.1
0.2
0.0
0.3
0.0
0.1
0.2
0.1
0.0
0.1
0.1
0.0
0.0
0.1
0.0
0.1
0.0
0.1
0.0
0.1
0.1
0.0
0.1
0.1
0.0
0.0
0.1
0.0
0.1
0.1
0.1
0.1
0.1
0.0
0.1
0.3
0.1
0.1
0.0
0.0
0.1
0.1
0.1
0.0
0.0
0.1
0.1
0.1
0.0
0.1
0.2
0.0
0.0
0.1
0.0
0.1
0.1
0.0
0.0
0.0
0.2
0.1
0.2
0.0
0.0
0.0
0.1
0.1
0.0
0.0
0.0
0.1
0.1
0.0
0.0
0.2
0.1
0.1
0.0
0.0
0.1
0.1
0.1
0.0
0.0
0.0
0.0
0.2
0.0
0.1
0.1
0.0
0.0
0.1
0.1
0.0
0.0
0.0
0.1
0.0
0.0
0.2
0.2
0.0
0.0
0.2
0.0
0.1
0.0
0.0
0.0
0.2
0.0
0.0
0.0
0.1
0.0
0.1
0.1
0.0
0.1
0.1
0.1
0.0
0.0
0.0
0.0
0.0
0.0
0.3
0.0
0.0
0.0
0.0
0.1
0.0
0.1
0.0
0.1
0.1
0.1
0.0
0.0
0.1
0.1
0.0
0.1
0.2
0.1
0.1
0.0
0.1
0.2
0.2
0.0
0.1
0.1
0.0
0.2
0.0
0.2
0.1
0.0
0.1
0.0
0.2
0.1
0.1
0.2
0.0
0.1
0.0
0.0
0.0
0.0
0.2
0.1
0.1
0.1
0.1
0.0
0.0
0.1
0.0
0.0
0.1
0.0
0.1
0.0
0.0
0.0
0.0
0.1
0.1
0.1
0.0
0.0
0.0
0.1
0.2
0.0
0.0
0.0
0.1
0.2
0.1
0.0
0.2
0.1
0.1
0.0
0.2
0.1
0.0
0.0
0.2
0.0
0.2
0.3
0.0
0.0
0.0
0.0
0.1
0.1
0.0
0.1
0.1
0.2
0.1
0.2
0.1
0.1
0.1
0.0
0.0
0.0
0.0
0.0
0.0
0.1
0.1
0.2
0.2
0.1
0.0
0.1
0.3
0.0
0.0
0.1
0.2
0.1
0.2
0.0
0.0
0.0
0.0
0.1
0.2
0.0
0.1
0.1
0.1
0.1
0.1
0.2
0.1
0.1
0.1
0.0
0.0
0.1
0.1
0.2
0.2
0.1
0.0
0.0
0.1
0.2
0.2
0.0
0.0
0.0
0.0
0.1
0.1
0.0
0.1
0.1
0.0
0.1
0.1
0.0
0.0
0.1
0.1
0.1
0.2
0.0
0.1
0.1
