0.0
0.0
0.0
0.0
0.0
0.0
0.0
0.0058823529411764705
0.0
0.0
0.003215434083601286
0.0
0.003278688524590164
0.003289473684210526
0.0
0.0
0.0034129692832764505
0.003424657534246575
0.0
0.003484320557491289
0.0035587188612099642
0.0035971223021582736
0.0
0.0
0.0
0.003745318352059925
0.0
0.0
0.0
0.0038461538461538464
0.007782101167315175
0.0
0.0
0.00784313725490196
0.003952569169960474
0.0
0.0
0.0040650406504065045
0.0
0.0
0.0
0.004132231404958678
0.0
0.0
0.004219409282700422
0.0
0.0
0.00425531914893617
0.0
0.0
0.0
0.0
0.004405286343612335
0.004424778761061947
0.0
0.008928571428571428
0.0
0.0
0.004672897196261682
0.0
0.0
0.0
0.0
0.0
0.0
0.0
0.004784688995215311
0.0
0.004807692307692308
0.0
0.0
0.0
0.004830917874396135
0.0
0.0
0.0
0.0
0.014778325123152709
0.0049504950495049506
0.0049504950495049506
0.0
0.0
0.005025125628140704
0.005050505050505051
0.005076142131979695
0.0
0.0
0.0
0.0
0.005235602094240838
0.0
0.0
0.005263157894736842
0.0
0.0
0.0053475935828877
0.0053475935828877
0.0
0.0
0.0
0.0
0.0
0.005434782608695652
0.010869565217391304
0.0
0.0
0.005494505494505495
0.0
0.0
0.0
0.0
0.011049723756906077
0.0
0.0
0.0
0.005555555555555556
0.0
0.0
0.0
0.011235955056179775
0.0
0.0
0.0
0.0
0.005649717514124294
0.011363636363636364
0.005681818181818182
0.005714285714285714
0.0
0.005780346820809248
0.0
0.0
0.005847953216374269
0.01764705882352941
0.0058823529411764705
0.0
0.0
0.0
0.011976047904191617
0.0
0.0
0.006024096385542169
0.006024096385542169
0.0
0.006060606060606061
0.01818181818181818
0.006060606060606061
0.0
0.0
0.0
0.012422360248447204
0.006211180124223602
0.0
0.00625
0.00625
0.006329113924050633
0.0
0.0
0.006369426751592357
0.0
0.01282051282051282
0.0
0.0
0.006493506493506494
0.006493506493506494
0.013071895424836602
0.006578947368421052
0.013157894736842105
0.006622516556291391
0.013422818791946308
0.0
0.0
0.0
0.006802721088435374
0.0
0.0
0.006802721088435374
0.0
0.02054794520547945
0.00684931506849315
0.013793103448275862
0.006944444444444444
0.0
0.02097902097902098
0.0
0.0
0.007042253521126761
0.0
0.0
0.02127659574468085
0.0
0.007194244604316547
0.007194244604316547
0.007246376811594203
0.007246376811594203
0.0
0.007246376811594203
0.014598540145985401
0.014598540145985401
0.014598540145985401
0.014598540145985401
0.014598540145985401
0.014598540145985401
0.014598540145985401
0.014598540145985401
0.014598540145985401
0.014598540145985401
0.014598540145985401
0.014598540145985401
0.014598540145985401
0.014598540145985401
0.0072992700729927005
0.014598540145985401
0.014598540145985401
0.014598540145985401
0.014598540145985401
0.0072992700729927005
0.014598540145985401
0.014598540145985401
0.014598540145985401
0.0072992700729927005
0.014598540145985401
0.014598540145985401
0.014598540145985401
0.014598540145985401
0.014598540145985401
0.014598540145985401
0.014598540145985401
0.014598540145985401
0.014598540145985401
0.014598540145985401
0.014598540145985401
0.014598540145985401
0.014598540145985401
0.0072992700729927005
0.014598540145985401
0.014705882352941176
0.007352941176470588
0.007352941176470588
0.007352941176470588
0.014705882352941176
0.014814814814814815
0.0
0.015037593984962405
0.0
0.0
0.0
0.0
0.0
0.007633587786259542
0.015267175572519083
0.0
0.0
0.007751937984496124
0.0
0.0234375
0.0078125
0.015625
0.0
0.0078125
0.0
0.0
0.0
0.015748031496062992
0.007874015748031496
0.015873015873015872
0.007936507936507936
0.0
0.0
0.008
0.024
0.008
0.008
0.0
0.016
0.0
0.0
0.008064516129032258
0.008130081300813009
0.008130081300813009
0.024390243902439025
0.0
0.0
0.016666666666666666
0.008333333333333333
0.008333333333333333
0.008333333333333333
0.0
0.01680672268907563
0.0
0.01694915254237288
0.0423728813559322
0.00847457627118644
0.017094017094017096
0.008547008547008548
0.0
0.017094017094017096
0.0
0.0
0.008620689655172414
0.008620689655172414
0.017241379310344827
0.008695652173913044
0.017391304347826087
0.0
0.008695652173913044
0.008695652173913044
0.008695652173913044
0.008695652173913044
0.008695652173913044
0.0
0.008771929824561403
0.017543859649122806
0.008771929824561403
0.0
0.008849557522123894
0.008849557522123894
0.008849557522123894
0.0
0.017699115044247787
0.0
0.0
0.0
0.0
0.044642857142857144
0.008928571428571428
0.0
0.0
0.0
0.0
0.009009009009009009
0.0
0.018018018018018018
0.0
0.01818181818181818
0.00909090909090909
0.0
0.01834862385321101
0.0
0.027522935779816515
0.0
0.018518518518518517
0.0
0.009259259259259259
0.009259259259259259
0.0
0.0
0.0
0.0
0.0
0.009345794392523364
0.009433962264150943
0.018867924528301886
0.009433962264150943
0.009433962264150943
0.0
0.01904761904761905
0.0
0.01904761904761905
0.009615384615384616
0.019230769230769232
0.019230769230769232
0.019417475728155338
0.009708737864077669
0.009708737864077669
0.0
0.019417475728155338
0.019417475728155338
0.019417475728155338
0.009708737864077669
0.00980392156862745
0.00980392156862745
0.0196078431372549
0.009900990099009901
0.0
0.019801980198019802
0.0
0.019801980198019802
0.039603960396039604
0.0
0.009900990099009901
0.0
0.02
0.01
0.01
0.0
0.0
0.010101010101010102
0.0
0.0
0.0
0.0
0.01020408163265306
0.01020408163265306
0.0
0.01020408163265306
0.02040816326530612
0.01020408163265306
0.0
0.01020408163265306
0.02040816326530612
0.02040816326530612
0.0
0.02040816326530612
0.0
0.020618556701030927
0.020618556701030927
0.0
0.020618556701030927
0.0
0.0
0.010416666666666666
0.03125
0.0
0.03125
0.0
0.0
0.010416666666666666
0.010416666666666666
0.010416666666666666
0.021052631578947368
0.0
0.010526315789473684
0.0
0.021052631578947368
0.0
0.010638297872340425
0.0425531914893617
0.010638297872340425
0.0
0.010638297872340425
0.010638297872340425
0.0
0.0
0.0425531914893617
0.010638297872340425
0.0
0.043010752688172046
0.021505376344086023
0.0
0.010752688172043012
0.021505376344086023
0.0
0.0
0.0
0.0
0.021739130434782608
0.021739130434782608
0.0
0.021739130434782608
0.021739130434782608
0.010869565217391304
0.010869565217391304
0.021739130434782608
0.021739130434782608
0.021739130434782608
0.010869565217391304
0.0
0.02197802197802198
0.02197802197802198
0.0
0.0
0.0
0.04395604395604396
0.0
0.0
0.0
0.011111111111111112
0.011111111111111112
0.0
0.011111111111111112
0.0
0.02247191011235955
0.011235955056179775
0.033707865168539325
0.0
0.011235955056179775
0.02247191011235955
0.011235955056179775
0.0
0.011235955056179775
0.0
0.0
0.03409090909090909
0.022727272727272728
0.011363636363636364
0.0
0.011363636363636364
0.0
0.011363636363636364
0.0
0.0
0.0
0.0
0.022988505747126436
0.022988505747126436
0.0
0.0
0.011494252873563218
0.022988505747126436
0.023255813953488372
0.0
0.0
0.011627906976744186
0.011627906976744186
0.0
0.011764705882352941
0.023529411764705882
0.023529411764705882
0.0
0.011764705882352941
0.023529411764705882
0.0
0.023529411764705882
0.023529411764705882
0.011764705882352941
0.0
0.011904761904761904
0.023809523809523808
0.011904761904761904
0.011904761904761904
0.011904761904761904
0.011904761904761904
0.011904761904761904
0.0
0.023809523809523808
0.0
0.011904761904761904
0.024096385542168676
0.0
0.0
0.012048192771084338
0.012048192771084338
0.0
0.012048192771084338
0.024096385542168676
0.0
0.012195121951219513
0.0
0.012195121951219513
0.0
0.012195121951219513
0.0
0.0
0.0
0.0
0.012345679012345678
0.012345679012345678
0.0
0.024691358024691357
0.024691358024691357
0.037037037037037035
0.024691358024691357
0.012345679012345678
0.037037037037037035
0.024691358024691357
0.025
0.025
0.0
0.0
0.0
0.0125
0.0125
0.0
0.0125
0.0
0.0
0.025
0.0375
0.02531645569620253
0.05063291139240506
0.0379746835443038
0.012658227848101266
0.0379746835443038
0.02531645569620253
0.012658227848101266
0.02531645569620253
0.0
0.02564102564102564
0.01282051282051282
0.01282051282051282
0.0
0.0
0.02564102564102564
0.0
0.025974025974025976
0.0
0.0
0.012987012987012988
0.025974025974025976
0.012987012987012988
0.0
0.0
0.025974025974025976
0.0
0.05194805194805195
0.0
0.02631578947368421
0.02631578947368421
0.0
0.02631578947368421
0.013157894736842105
0.02631578947368421
0.013157894736842105
0.0
0.013157894736842105
0.0
0.039473684210526314
0.013333333333333334
0.013333333333333334
0.02666666666666667
0.0
0.013333333333333334
0.013333333333333334
0.02666666666666667
0.013333333333333334
0.0
0.02702702702702703
0.013513513513513514
0.013513513513513514
0.0
0.05405405405405406
0.02702702702702703
0.0
0.013513513513513514
0.013513513513513514
0.013513513513513514
0.02702702702702703
0.0
0.0
0.04054054054054054
0.0
0.0410958904109589
0.0547945205479452
0.0
0.0136986301369863
0.0273972602739726
0.0136986301369863
0.0136986301369863
0.0410958904109589
0.0273972602739726
0.0
0.0410958904109589
0.0
0.0
0.0136986301369863
0.0136986301369863
0.0273972602739726
0.0410958904109589
0.0273972602739726
0.0273972602739726
0.0
0.0136986301369863
0.013888888888888888
0.027777777777777776
0.0
0.0
0.013888888888888888
0.0
0.013888888888888888
0.027777777777777776
0.027777777777777776
0.0
0.013888888888888888
0.0
0.0
0.0
0.0
0.0
0.028169014084507043
0.028169014084507043
0.04225352112676056
0.014084507042253521
0.056338028169014086
0.014084507042253521
0.028169014084507043
0.07042253521126761
0.014084507042253521
0.014084507042253521
0.014084507042253521
0.014285714285714285
0.04285714285714286
0.014285714285714285
0.04285714285714286
0.014285714285714285
0.02857142857142857
0.014285714285714285
0.0
0.02857142857142857
0.02857142857142857
0.02857142857142857
0.0
0.057971014492753624
0.0
0.0
0.0
0.028985507246376812
0.0
0.014492753623188406
0.014492753623188406
0.0
0.028985507246376812
0.0
0.0
0.029411764705882353
0.04411764705882353
0.014705882352941176
0.014705882352941176
0.014705882352941176
0.014705882352941176
0.0
0.029850746268656716
0.029850746268656716
0.029850746268656716
0.014925373134328358
0.0
0.029850746268656716
0.029850746268656716
0.0
0.029850746268656716
0.014925373134328358
0.029850746268656716
0.015151515151515152
0.0
0.015151515151515152
0.045454545454545456
0.015151515151515152
0.030303030303030304
0.030303030303030304
0.015151515151515152
0.0
0.0
0.030303030303030304
0.030303030303030304
0.015151515151515152
0.015151515151515152
0.030303030303030304
0.015384615384615385
0.06153846153846154
0.015384615384615385
0.046153846153846156
0.015384615384615385
0.0
0.03076923076923077
0.03076923076923077
0.015384615384615385
0.0
0.0625
0.015625
0.03125
0.03125
0.0
0.0
0.0
0.03125
0.0
0.046875
0.0
0.015625
0.0625
0.015625
0.015625
0.0
0.015625
0.0
0.03125
0.015873015873015872
0.015873015873015872
0.047619047619047616
0.06349206349206349
0.0
0.06349206349206349
0.0
0.047619047619047616
0.015873015873015872
0.0
0.047619047619047616
0.0
0.031746031746031744
0.031746031746031744
0.015873015873015872
0.0
0.0
0.0
0.0
0.016129032258064516
0.0
0.04838709677419355
0.03225806451612903
0.016129032258064516
0.04838709677419355
0.03225806451612903
0.0
0.03225806451612903
0.04838709677419355
0.016129032258064516
0.03225806451612903
0.0
0.0
0.016129032258064516
0.016129032258064516
0.016129032258064516
0.06451612903225806
0.04838709677419355
0.016129032258064516
0.03278688524590164
0.01639344262295082
0.01639344262295082
0.0
0.0
0.01639344262295082
0.03278688524590164
0.04918032786885246
0.06557377049180328
0.01639344262295082
0.03278688524590164
0.01639344262295082
0.0
0.04918032786885246
0.0
0.01639344262295082
0.04918032786885246
0.06557377049180328
0.03278688524590164
0.0
0.03278688524590164
0.01639344262295082
0.016666666666666666
0.016666666666666666
0.016666666666666666
0.03333333333333333
0.05
0.06666666666666667
0.0
0.05
0.016666666666666666
0.016666666666666666
0.016666666666666666
0.03333333333333333
0.0
0.016666666666666666
0.03333333333333333
0.05
0.0
0.01694915254237288
0.05084745762711865
0.06779661016949153
0.05084745762711865
0.03389830508474576
0.01694915254237288
0.0
0.01694915254237288
0.03389830508474576
0.01694915254237288
0.03389830508474576
0.03389830508474576
0.0
0.0
0.017241379310344827
0.0
0.017241379310344827
0.0
0.0
0.034482758620689655
0.0
0.017241379310344827
0.05172413793103448
0.034482758620689655
0.05172413793103448
0.0
0.017241379310344827
0.05172413793103448
0.06896551724137931
0.034482758620689655
0.0
0.0
0.017543859649122806
0.03508771929824561
0.017543859649122806
0.03508771929824561
0.08771929824561403
0.017543859649122806
0.017543859649122806
0.017543859649122806
0.03508771929824561
0.05263157894736842
0.0
0.03508771929824561
0.0
0.0
0.017543859649122806
0.0
0.05263157894736842
0.017543859649122806
0.017543859649122806
0.07017543859649122
0.0
0.03508771929824561
0.03508771929824561
0.017543859649122806
0.0
0.017857142857142856
0.05357142857142857
0.0
0.017857142857142856
0.03571428571428571
0.017857142857142856
0.017857142857142856
0.03571428571428571
0.05357142857142857
0.03571428571428571
0.0
0.0
0.0
0.017857142857142856
0.0
0.03571428571428571
0.03571428571428571
0.017857142857142856
0.0
0.017857142857142856
0.01818181818181818
0.03636363636363636
0.0
0.05454545454545454
0.03636363636363636
0.0
0.01818181818181818
0.0
0.01818181818181818
0.03636363636363636
0.03636363636363636
0.01818181818181818
0.01818181818181818
0.01818181818181818
0.01818181818181818
0.01818181818181818
0.01818181818181818
0.03636363636363636
0.018518518518518517
0.05555555555555555
0.037037037037037035
0.018518518518518517
0.0
0.037037037037037035
0.05555555555555555
0.037037037037037035
0.018518518518518517
0.05555555555555555
0.05555555555555555
0.0
0.0
0.018518518518518517
0.037037037037037035
0.0
0.018518518518518517
0.05555555555555555
0.018518518518518517
0.05555555555555555
0.05555555555555555
0.037037037037037035
0.018867924528301886
0.018867924528301886
0.018867924528301886
0.018867924528301886
0.03773584905660377
0.03773584905660377
0.03773584905660377
0.018867924528301886
0.03773584905660377
0.0
0.03773584905660377
0.03773584905660377
0.018867924528301886
0.018867924528301886
0.07547169811320754
0.0
0.018867924528301886
0.03773584905660377
0.05660377358490566
0.03773584905660377
0.0
0.038461538461538464
0.057692307692307696
0.019230769230769232
0.057692307692307696
0.07692307692307693
0.0
0.0
0.038461538461538464
0.0
0.0
0.019230769230769232
0.07692307692307693
0.0
0.038461538461538464
0.0196078431372549
0.0
0.0196078431372549
0.0784313725490196
0.0196078431372549
0.0196078431372549
0.0196078431372549
0.0
0.0
0.058823529411764705
0.0
0.0196078431372549
0.0
0.0784313725490196
0.0392156862745098
0.058823529411764705
0.058823529411764705
0.0
0.0196078431372549
0.0196078431372549
0.0784313725490196
0.0
0.0392156862745098
0.0196078431372549
0.0196078431372549
0.0392156862745098
0.0196078431372549
0.0196078431372549
0.0
0.0
0.0392156862745098
0.04
0.02
0.0
0.02
0.0
0.04
0.08
0.04
0.04
0.02
0.06
0.06
0.0
0.04
0.04
0.08
0.06
0.04
0.02
0.1
0.04
0.02
0.04
0.06
0.1
0.0
0.06
0.04
0.0
0.04
0.12
0.02
0.04
0.04
0.08
0.02040816326530612
0.02040816326530612
0.04081632653061224
0.0
0.04081632653061224
0.02040816326530612
0.08163265306122448
0.08163265306122448
0.04081632653061224
0.02040816326530612
0.061224489795918366
0.0
0.0
0.08163265306122448
0.02040816326530612
0.02040816326530612
0.02040816326530612
0.0
0.04081632653061224
0.0
0.061224489795918366
0.02040816326530612
0.02040816326530612
0.02040816326530612
0.02040816326530612
0.02040816326530612
0.08163265306122448
0.0
0.041666666666666664
0.020833333333333332
0.08333333333333333
0.08333333333333333
0.041666666666666664
0.020833333333333332
0.020833333333333332
0.020833333333333332
0.020833333333333332
0.020833333333333332
0.020833333333333332
0.020833333333333332
0.041666666666666664
0.0
0.020833333333333332
0.020833333333333332
0.020833333333333332
0.041666666666666664
0.0
0.08333333333333333
0.0
0.0625
0.041666666666666664
0.041666666666666664
0.0625
0.0
0.08333333333333333
0.041666666666666664
0.041666666666666664
0.041666666666666664
0.0625
0.041666666666666664
0.0625
0.0
0.020833333333333332
0.02127659574468085
0.0425531914893617
0.0
0.0
0.0425531914893617
0.0425531914893617
0.0
0.0425531914893617
0.0
0.10638297872340426
0.0425531914893617
0.0425531914893617
0.0
0.0
0.0
0.06382978723404255
0.02127659574468085
0.02127659574468085
0.0
0.0
0.0
0.02127659574468085
0.02127659574468085
0.0425531914893617
0.0851063829787234
0.0
0.06382978723404255
0.0425531914893617
0.0
0.06382978723404255
0.06382978723404255
0.02127659574468085
0.0425531914893617
0.0
0.06382978723404255
0.0425531914893617
0.02127659574468085
0.0425531914893617
0.02127659574468085
0.1276595744680851
0.02127659574468085
0.0425531914893617
0.06382978723404255
0.02127659574468085
0.02127659574468085
0.02127659574468085
0.0
0.0851063829787234
0.0
0.0425531914893617
0.02127659574468085
0.0851063829787234
0.0
0.0
0.043478260869565216
0.0
0.021739130434782608
0.06521739130434782
0.021739130434782608
0.06521739130434782
0.06521739130434782
0.021739130434782608
0.043478260869565216
0.06521739130434782
0.043478260869565216
0.021739130434782608
0.0
0.021739130434782608
0.06521739130434782
0.0
0.021739130434782608
0.043478260869565216
0.021739130434782608
0.043478260869565216
0.043478260869565216
0.0
0.0
0.043478260869565216
0.0
0.022222222222222223
0.022222222222222223
0.06666666666666667
0.044444444444444446
0.044444444444444446
0.08888888888888889
0.022222222222222223
0.0
0.08888888888888889
0.022222222222222223
0.044444444444444446
0.044444444444444446
0.022222222222222223
0.044444444444444446
0.0
0.08888888888888889
0.0
0.022222222222222223
0.0
0.06666666666666667
0.022222222222222223
0.0
0.022222222222222223
0.0
0.0
0.044444444444444446
0.06666666666666667
0.022222222222222223
0.0
0.022727272727272728
0.022727272727272728
0.0
0.022727272727272728
0.045454545454545456
0.022727272727272728
0.06818181818181818
0.022727272727272728
0.022727272727272728
0.06818181818181818
0.022727272727272728
0.022727272727272728
0.0
0.045454545454545456
0.0
0.0
0.06818181818181818
0.09090909090909091
0.09090909090909091
0.045454545454545456
0.06818181818181818
0.045454545454545456
0.09090909090909091
0.045454545454545456
0.045454545454545456
0.045454545454545456
0.045454545454545456
0.023255813953488372
0.023255813953488372
0.023255813953488372
0.06976744186046512
0.06976744186046512
0.046511627906976744
0.023255813953488372
0.046511627906976744
0.06976744186046512
0.046511627906976744
0.023255813953488372
0.023255813953488372
0.06976744186046512
0.046511627906976744
0.046511627906976744
0.0
0.046511627906976744
0.0
0.0
0.0
0.023255813953488372
0.046511627906976744
0.023255813953488372
0.06976744186046512
0.046511627906976744
0.046511627906976744
0.06976744186046512
0.06976744186046512
0.023255813953488372
0.023255813953488372
0.023255813953488372
0.023255813953488372
0.0
0.023255813953488372
0.06976744186046512
0.023255813953488372
0.0
0.046511627906976744
0.047619047619047616
0.07142857142857142
0.09523809523809523
0.023809523809523808
0.047619047619047616
0.023809523809523808
0.0
0.023809523809523808
0.047619047619047616
0.0
0.07142857142857142
0.023809523809523808
0.0
0.09523809523809523
0.07142857142857142
0.047619047619047616
0.0
0.047619047619047616
0.07142857142857142
0.023809523809523808
0.023809523809523808
0.0
0.047619047619047616
0.09523809523809523
0.047619047619047616
0.09523809523809523
0.09523809523809523
0.0
0.023809523809523808
0.047619047619047616
0.04878048780487805
0.07317073170731707
0.0
0.024390243902439025
0.07317073170731707
0.04878048780487805
0.0
0.024390243902439025
0.04878048780487805
0.04878048780487805
0.04878048780487805
0.04878048780487805
0.024390243902439025
0.07317073170731707
0.024390243902439025
0.0
0.07317073170731707
0.024390243902439025
0.0
0.0
0.0
0.0
0.07317073170731707
0.024390243902439025
0.07317073170731707
0.04878048780487805
0.0
0.07317073170731707
0.024390243902439025
0.04878048780487805
0.04878048780487805
0.04878048780487805
0.024390243902439025
0.0
0.07317073170731707
0.0975609756097561
0.14634146341463414
0.024390243902439025
0.024390243902439025
0.0
0.07317073170731707
0.024390243902439025
0.12195121951219512
0.07317073170731707
0.07317073170731707
0.07317073170731707
0.0975609756097561
0.025
0.075
0.05
0.05
0.025
0.025
0.05
0.025
0.05
0.075
0.1
0.05
0.1
0.025
0.05
0.05
0.025
0.05
0.075
0.05
0.025
0.05
0.025
0.0
0.0
0.025
0.0
0.1
0.0
0.025
0.0
0.025
0.0
0.10256410256410256
0.07692307692307693
0.02564102564102564
0.07692307692307693
0.02564102564102564
0.07692307692307693
0.02564102564102564
0.02564102564102564
0.02564102564102564
0.02564102564102564
0.02564102564102564
0.0
0.10256410256410256
0.05128205128205128
0.05128205128205128
0.02564102564102564
0.02564102564102564
0.05128205128205128
0.05128205128205128
0.02564102564102564
0.02564102564102564
0.02564102564102564
0.0
0.05128205128205128
0.10256410256410256
0.05128205128205128
0.02564102564102564
0.0
0.10256410256410256
0.07692307692307693
0.07692307692307693
0.05128205128205128
0.0
0.02564102564102564
0.02564102564102564
0.0
0.05128205128205128
0.07692307692307693
0.10256410256410256
0.05128205128205128
0.07692307692307693
0.05128205128205128
0.0
0.05128205128205128
0.05128205128205128
0.05128205128205128
0.0
0.02631578947368421
0.02631578947368421
0.0
0.07894736842105263
0.05263157894736842
0.02631578947368421
0.05263157894736842
0.02631578947368421
0.07894736842105263
0.02631578947368421
0.02631578947368421
0.07894736842105263
0.05263157894736842
0.07894736842105263
0.10526315789473684
0.0
0.02631578947368421
0.02631578947368421
0.07894736842105263
0.02631578947368421
0.05263157894736842
0.07894736842105263
0.0
0.0
0.02631578947368421
0.05263157894736842
0.05263157894736842
0.07894736842105263
0.0
0.05263157894736842
0.02631578947368421
0.02631578947368421
0.05263157894736842
0.07894736842105263
0.02631578947368421
0.13157894736842105
0.02631578947368421
0.05263157894736842
0.02631578947368421
0.02631578947368421
0.13157894736842105
0.13157894736842105
0.0
0.08108108108108109
0.02702702702702703
0.0
0.02702702702702703
0.05405405405405406
0.02702702702702703
0.05405405405405406
0.0
0.0
0.10810810810810811
0.10810810810810811
0.02702702702702703
0.02702702702702703
0.0
0.0
0.02702702702702703
0.05405405405405406
0.05405405405405406
0.08108108108108109
0.05405405405405406
0.02702702702702703
0.05405405405405406
0.02702702702702703
0.02702702702702703
0.05405405405405406
0.10810810810810811
0.0
0.02702702702702703
0.02702702702702703
0.10810810810810811
0.0
0.0
0.05405405405405406
0.0
0.08108108108108109
0.05405405405405406
0.10810810810810811
0.10810810810810811
0.05405405405405406
0.10810810810810811
0.05405405405405406
0.0
0.10810810810810811
0.08108108108108109
0.0
0.05405405405405406
0.13513513513513514
0.05405405405405406
0.02702702702702703
0.05555555555555555
0.027777777777777776
0.08333333333333333
0.08333333333333333
0.1111111111111111
0.027777777777777776
0.08333333333333333
0.1111111111111111
0.08333333333333333
0.027777777777777776
0.027777777777777776
0.08333333333333333
0.08333333333333333
0.0
0.1388888888888889
0.027777777777777776
0.05555555555555555
0.0
0.05555555555555555
0.05555555555555555
0.027777777777777776
0.1111111111111111
0.05555555555555555
0.05555555555555555
0.0
0.05555555555555555
0.05555555555555555
0.08333333333333333
0.027777777777777776
0.08333333333333333
0.0
0.0
0.08333333333333333
0.0
0.05555555555555555
0.05555555555555555
0.05555555555555555
0.08333333333333333
0.0
0.027777777777777776
0.0
0.0
0.05555555555555555
0.027777777777777776
0.08333333333333333
0.05555555555555555
0.027777777777777776
0.0
0.08333333333333333
0.0
0.1111111111111111
0.1111111111111111
0.0
0.05714285714285714
0.05714285714285714
0.05714285714285714
0.02857142857142857
0.05714285714285714
0.11428571428571428
0.0
0.02857142857142857
0.02857142857142857
0.02857142857142857
0.14285714285714285
0.05714285714285714
0.02857142857142857
0.0
0.05714285714285714
0.08571428571428572
0.08571428571428572
0.02857142857142857
0.02857142857142857
0.05714285714285714
0.11428571428571428
0.0
0.08571428571428572
0.17142857142857143
0.0
0.0
0.05714285714285714
0.11428571428571428
0.0
0.02857142857142857
0.11428571428571428
0.02857142857142857
0.0
0.02857142857142857
0.08571428571428572
0.05714285714285714
0.05714285714285714
0.05714285714285714
0.02857142857142857
0.0
0.0
0.02857142857142857
0.05714285714285714
0.05714285714285714
0.05714285714285714
0.02857142857142857
0.02857142857142857
0.0
0.14705882352941177
0.14705882352941177
0.029411764705882353
0.058823529411764705
0.14705882352941177
0.0
0.17647058823529413
0.14705882352941177
0.08823529411764706
0.0
0.08823529411764706
0.029411764705882353
0.029411764705882353
0.029411764705882353
0.029411764705882353
0.029411764705882353
0.08823529411764706
0.08823529411764706
0.08823529411764706
0.029411764705882353
0.029411764705882353
0.029411764705882353
0.08823529411764706
0.058823529411764705
0.058823529411764705
0.08823529411764706
0.08823529411764706
0.058823529411764705
0.029411764705882353
0.058823529411764705
0.029411764705882353
0.0
0.08823529411764706
0.08823529411764706
0.08823529411764706
0.0
0.0
0.08823529411764706
0.029411764705882353
0.029411764705882353
0.058823529411764705
0.029411764705882353
0.0
0.029411764705882353
0.11764705882352941
0.029411764705882353
0.08823529411764706
0.058823529411764705
0.08823529411764706
0.058823529411764705
0.08823529411764706
0.058823529411764705
0.029411764705882353
0.0
0.08823529411764706
0.029411764705882353
0.058823529411764705
0.058823529411764705
0.06060606060606061
0.06060606060606061
0.06060606060606061
0.06060606060606061
0.06060606060606061
0.0
0.15151515151515152
0.0
0.06060606060606061
0.06060606060606061
0.12121212121212122
0.030303030303030304
0.030303030303030304
0.06060606060606061
0.09090909090909091
0.06060606060606061
0.030303030303030304
0.030303030303030304
0.12121212121212122
0.06060606060606061
0.06060606060606061
0.030303030303030304
0.06060606060606061
0.030303030303030304
0.06060606060606061
0.12121212121212122
0.030303030303030304
0.06060606060606061
0.030303030303030304
0.09090909090909091
0.030303030303030304
0.06060606060606061
0.0
0.030303030303030304
0.06060606060606061
0.030303030303030304
0.06060606060606061
0.0
0.030303030303030304
0.030303030303030304
0.06060606060606061
0.06060606060606061
0.09090909090909091
0.030303030303030304
0.030303030303030304
0.030303030303030304
0.12121212121212122
0.12121212121212122
0.06060606060606061
0.030303030303030304
0.12121212121212122
0.12121212121212122
0.0
0.030303030303030304
0.06060606060606061
0.09090909090909091
0.06060606060606061
0.06060606060606061
0.030303030303030304
0.0
0.06060606060606061
0.09090909090909091
0.09090909090909091
0.030303030303030304
0.12121212121212122
0.030303030303030304
0.06060606060606061
0.09375
0.0
0.03125
0.0625
0.0625
0.03125
0.0625
0.0625
0.15625
0.03125
0.0
0.03125
0.0625
0.0
0.125
0.125
0.0
0.09375
0.0
0.09375
0.03125
0.0625
0.03125
0.03125
0.125
0.03125
0.0
0.1875
0.03125
0.15625
0.0
0.03125
0.0625
0.03125
0.03125
0.09375
0.03125
0.0
0.15625
0.03125
0.09375
0.0625
0.0625
0.0625
0.0
0.0625
0.0
0.03125
0.09375
0.15625
0.09375
0.09375
0.03125
0.03125
0.03125
0.03125
0.125
0.09375
0.03125
0.0625
0.0
0.03125
0.0625
0.0625
0.0625
0.03125
0.03225806451612903
0.06451612903225806
0.0967741935483871
0.03225806451612903
0.12903225806451613
0.06451612903225806
0.03225806451612903
0.06451612903225806
0.06451612903225806
0.03225806451612903
0.0
0.0967741935483871
0.06451612903225806
0.06451612903225806
0.16129032258064516
0.06451612903225806
0.03225806451612903
0.0967741935483871
0.0967741935483871
0.06451612903225806
0.16129032258064516
0.06451612903225806
0.0
0.03225806451612903
0.06451612903225806
0.06451612903225806
0.12903225806451613
0.03225806451612903
0.06451612903225806
0.03225806451612903
0.0
0.0967741935483871
0.06451612903225806
0.0967741935483871
0.0
0.06451612903225806
0.16129032258064516
0.03225806451612903
0.06451612903225806
0.0
0.12903225806451613
0.03225806451612903
0.03225806451612903
0.03225806451612903
0.06451612903225806
0.0967741935483871
0.06451612903225806
0.06451612903225806
0.03225806451612903
0.06451612903225806
0.0
0.03225806451612903
0.06451612903225806
0.06451612903225806
0.06451612903225806
0.06451612903225806
0.0
0.0967741935483871
0.12903225806451613
0.06451612903225806
0.06451612903225806
0.0967741935483871
0.03225806451612903
0.06451612903225806
0.0
0.06451612903225806
0.03225806451612903
0.0967741935483871
0.06451612903225806
0.03225806451612903
0.03225806451612903
0.06451612903225806
0.0967741935483871
0.0
0.03225806451612903
0.03225806451612903
0.1935483870967742
0.12903225806451613
0.06451612903225806
0.03225806451612903
0.0967741935483871
0.0967741935483871
0.1
0.03333333333333333
0.03333333333333333
0.06666666666666667
0.06666666666666667
0.13333333333333333
0.1
0.1
0.06666666666666667
0.06666666666666667
0.1
0.03333333333333333
0.06666666666666667
0.13333333333333333
0.06666666666666667
0.03333333333333333
0.0
0.06666666666666667
0.1
0.0
0.1
0.06666666666666667
0.1
0.06666666666666667
0.13333333333333333
0.03333333333333333
0.1
0.03333333333333333
0.0
0.03333333333333333
0.0
0.06666666666666667
0.0
0.03333333333333333
0.03333333333333333
0.03333333333333333
0.03333333333333333
0.03333333333333333
0.1
0.03333333333333333
0.0
0.13333333333333333
0.1
0.03333333333333333
0.06666666666666667
0.06666666666666667
0.1
0.06666666666666667
0.06666666666666667
0.03333333333333333
0.03333333333333333
0.06666666666666667
0.06666666666666667
0.03333333333333333
0.1
0.06666666666666667
0.03333333333333333
0.03333333333333333
0.1
0.06666666666666667
0.0
0.1
0.1
0.1
0.0
0.06666666666666667
0.06666666666666667
0.03333333333333333
0.03333333333333333
0.03333333333333333
0.0
0.1
0.06666666666666667
0.03333333333333333
0.06666666666666667
0.03333333333333333
0.1
0.1
0.03333333333333333
0.13333333333333333
0.03333333333333333
0.0
0.03333333333333333
0.06666666666666667
0.03333333333333333
0.03333333333333333
0.06666666666666667
0.03333333333333333
0.0
0.034482758620689655
0.0
0.06896551724137931
0.10344827586206896
0.0
0.06896551724137931
0.10344827586206896
0.034482758620689655
0.034482758620689655
0.06896551724137931
0.13793103448275862
0.10344827586206896
0.034482758620689655
0.13793103448275862
0.0
0.10344827586206896
0.06896551724137931
0.06896551724137931
0.06896551724137931
0.034482758620689655
0.06896551724137931
0.10344827586206896
0.06896551724137931
0.034482758620689655
0.06896551724137931
0.06896551724137931
0.034482758620689655
0.034482758620689655
0.034482758620689655
0.034482758620689655
0.10344827586206896
0.10344827586206896
0.06896551724137931
0.0
0.06896551724137931
0.10344827586206896
0.13793103448275862
0.10344827586206896
0.06896551724137931
0.13793103448275862
0.06896551724137931
0.034482758620689655
0.10344827586206896
0.10344827586206896
0.10344827586206896
0.1724137931034483
0.06896551724137931
0.06896551724137931
0.06896551724137931
0.0
0.0
0.0
0.06896551724137931
0.0
0.1724137931034483
0.06896551724137931
0.06896551724137931
0.10344827586206896
0.06896551724137931
0.10344827586206896
0.06896551724137931
0.034482758620689655
0.034482758620689655
0.034482758620689655
0.10344827586206896
0.06896551724137931
0.0
0.06896551724137931
0.06896551724137931
0.034482758620689655
0.06896551724137931
0.0
0.1724137931034483
0.06896551724137931
0.06896551724137931
0.10344827586206896
0.10344827586206896
0.0
0.07142857142857142
0.17857142857142858
0.07142857142857142
0.14285714285714285
0.0
0.10714285714285714
0.03571428571428571
0.03571428571428571
0.14285714285714285
0.07142857142857142
0.07142857142857142
0.14285714285714285
0.03571428571428571
0.07142857142857142
0.03571428571428571
0.0
0.07142857142857142
0.07142857142857142
0.07142857142857142
0.07142857142857142
0.14285714285714285
0.03571428571428571
0.14285714285714285
0.07142857142857142
0.03571428571428571
0.07142857142857142
0.07142857142857142
0.03571428571428571
0.10714285714285714
0.0
0.10714285714285714
0.10714285714285714
0.14285714285714285
0.07142857142857142
0.0
0.03571428571428571
0.10714285714285714
0.07142857142857142
0.10714285714285714
0.10714285714285714
0.07142857142857142
0.03571428571428571
0.10714285714285714
0.10714285714285714
0.0
0.07142857142857142
0.14285714285714285
0.03571428571428571
0.0
0.14285714285714285
0.03571428571428571
0.0
0.0
0.10714285714285714
0.07142857142857142
0.0
0.03571428571428571
0.0
0.10714285714285714
0.10714285714285714
0.07142857142857142
0.07142857142857142
0.03571428571428571
0.0
0.07142857142857142
0.03571428571428571
0.10714285714285714
0.07142857142857142
0.07142857142857142
0.07142857142857142
0.03571428571428571
0.03571428571428571
0.10714285714285714
0.07142857142857142
0.07407407407407407
0.18518518518518517
0.0
0.037037037037037035
0.07407407407407407
0.1111111111111111
0.0
0.037037037037037035
0.1111111111111111
0.1111111111111111
0.07407407407407407
0.1111111111111111
0.0
0.07407407407407407
0.0
0.037037037037037035
0.037037037037037035
0.0
0.037037037037037035
0.1111111111111111
0.14814814814814814
0.1111111111111111
0.14814814814814814
0.1111111111111111
0.037037037037037035
0.037037037037037035
0.14814814814814814
0.07407407407407407
0.1111111111111111
0.037037037037037035
0.037037037037037035
0.07407407407407407
0.18518518518518517
0.0
0.07407407407407407
0.037037037037037035
0.07407407407407407
0.07407407407407407
0.07407407407407407
0.0
0.1111111111111111
0.14814814814814814
0.1111111111111111
0.07407407407407407
0.14814814814814814
0.07407407407407407
0.0
0.037037037037037035
0.037037037037037035
0.14814814814814814
0.07407407407407407
0.037037037037037035
0.037037037037037035
0.037037037037037035
0.0
0.1111111111111111
0.07407407407407407
0.07407407407407407
0.14814814814814814
0.0
0.037037037037037035
0.1111111111111111
0.1111111111111111
0.037037037037037035
0.0
0.07407407407407407
0.1111111111111111
0.18518518518518517
0.07407407407407407
0.037037037037037035
0.07407407407407407
0.037037037037037035
0.037037037037037035
0.1111111111111111
0.037037037037037035
0.1111111111111111
0.14814814814814814
0.07407407407407407
0.07407407407407407
0.038461538461538464
0.038461538461538464
0.15384615384615385
0.07692307692307693
0.038461538461538464
0.19230769230769232
0.0
0.0
0.0
0.0
0.07692307692307693
0.038461538461538464
0.11538461538461539
0.0
0.0
0.11538461538461539
0.07692307692307693
0.15384615384615385
0.038461538461538464
0.038461538461538464
0.15384615384615385
0.11538461538461539
0.07692307692307693
0.0
0.11538461538461539
0.11538461538461539
0.0
0.038461538461538464
0.15384615384615385
0.07692307692307693
0.11538461538461539
0.07692307692307693
0.07692307692307693
0.0
0.11538461538461539
0.038461538461538464
0.07692307692307693
0.0
0.11538461538461539
0.0
0.11538461538461539
0.07692307692307693
0.11538461538461539
0.11538461538461539
0.07692307692307693
0.11538461538461539
0.07692307692307693
0.0
0.038461538461538464
0.038461538461538464
0.038461538461538464
0.07692307692307693
0.0
0.07692307692307693
0.0
0.0
0.07692307692307693
0.15384615384615385
0.038461538461538464
0.07692307692307693
0.11538461538461539
0.07692307692307693
0.15384615384615385
0.07692307692307693
0.038461538461538464
0.038461538461538464
0.11538461538461539
0.038461538461538464
0.0
0.11538461538461539
0.038461538461538464
0.07692307692307693
0.07692307692307693
0.038461538461538464
0.0
0.07692307692307693
0.07692307692307693
0.07692307692307693
0.07692307692307693
0.07692307692307693
0.15384615384615385
0.07692307692307693
0.11538461538461539
0.07692307692307693
0.038461538461538464
0.038461538461538464
0.038461538461538464
0.038461538461538464
0.19230769230769232
0.11538461538461539
0.038461538461538464
0.07692307692307693
0.07692307692307693
0.07692307692307693
0.07692307692307693
0.0
0.0
0.038461538461538464
0.038461538461538464
0.038461538461538464
0.19230769230769232
0.15384615384615385
0.038461538461538464
0.038461538461538464
0.07692307692307693
0.07692307692307693
0.15384615384615385
0.07692307692307693
0.04
0.0
0.08
0.0
0.04
0.08
0.08
0.16
0.12
0.08
0.04
0.08
0.08
0.04
0.04
0.08
0.0
0.0
0.0
0.12
0.12
0.16
0.04
0.04
0.08
0.16
0.12
0.12
0.04
0.16
0.2
0.0
0.08
0.12
0.12
0.04
0.12
0.08
0.12
0.28
0.08
0.04
0.0
0.04
0.12
0.12
0.0
0.12
0.12
0.04
0.16
0.04
0.04
0.12
0.0
0.08
0.08
0.16
0.08
0.12
0.04
0.08
0.08
0.04
0.12
0.16
0.0
0.16
0.04
0.08
0.24
0.04
0.04
0.2
0.0
0.12
0.12
0.08
0.12
0.0
0.08
0.08
0.12
0.12
0.12
0.08
0.0
0.12
0.08
0.08
0.08
0.16
0.12
0.16
0.08
0.08
0.08
0.12
0.04
0.08
0.2
0.12
0.04
0.08
0.04
0.16
0.04
0.04
0.08
0.0
0.04
0.04
0.08
0.16
0.08
0.16
0.08333333333333333
0.08333333333333333
0.08333333333333333
0.08333333333333333
0.125
0.125
0.0
0.16666666666666666
0.16666666666666666
0.08333333333333333
0.125
0.08333333333333333
0.08333333333333333
0.125
0.041666666666666664
0.25
0.041666666666666664
0.08333333333333333
0.08333333333333333
0.041666666666666664
0.20833333333333334
0.041666666666666664
0.125
0.041666666666666664
0.041666666666666664
0.08333333333333333
0.0
0.16666666666666666
0.041666666666666664
0.125
0.125
0.08333333333333333
0.0
0.041666666666666664
0.041666666666666664
0.041666666666666664
0.041666666666666664
0.041666666666666664
0.125
0.16666666666666666
0.0
0.08333333333333333
0.16666666666666666
0.08333333333333333
0.041666666666666664
0.0
0.125
0.041666666666666664
0.041666666666666664
0.16666666666666666
0.125
0.125
0.125
0.0
0.125
0.0
0.0
0.08333333333333333
0.08333333333333333
0.08333333333333333
0.08333333333333333
0.08333333333333333
0.08333333333333333
0.20833333333333334
0.08333333333333333
0.041666666666666664
0.25
0.041666666666666664
0.041666666666666664
0.125
0.125
0.125
0.041666666666666664
0.08333333333333333
0.125
0.0
0.125
0.041666666666666664
0.08333333333333333
0.08333333333333333
0.08333333333333333
0.041666666666666664
0.041666666666666664
0.08333333333333333
0.041666666666666664
0.0
0.08333333333333333
0.041666666666666664
0.08333333333333333
0.20833333333333334
0.08333333333333333
0.041666666666666664
0.125
0.0
0.20833333333333334
0.08333333333333333
0.041666666666666664
0.16666666666666666
0.125
0.0
0.041666666666666664
0.08333333333333333
0.125
0.125
0.041666666666666664
0.125
0.08333333333333333
0.125
0.125
0.125
0.08333333333333333
0.125
0.20833333333333334
0.16666666666666666
0.041666666666666664
0.08695652173913043
0.21739130434782608
0.043478260869565216
0.043478260869565216
0.043478260869565216
0.043478260869565216
0.043478260869565216
0.21739130434782608
0.13043478260869565
0.21739130434782608
0.08695652173913043
0.08695652173913043
0.08695652173913043
0.043478260869565216
0.08695652173913043
0.13043478260869565
0.043478260869565216
0.13043478260869565
0.043478260869565216
0.0
0.043478260869565216
0.2608695652173913
0.08695652173913043
0.043478260869565216
0.08695652173913043
0.043478260869565216
0.0
0.08695652173913043
0.08695652173913043
0.043478260869565216
0.043478260869565216
0.043478260869565216
0.13043478260869565
0.043478260869565216
0.043478260869565216
0.08695652173913043
0.043478260869565216
0.17391304347826086
0.08695652173913043
0.08695652173913043
0.17391304347826086
0.08695652173913043
0.08695652173913043
0.08695652173913043
0.17391304347826086
0.0
0.08695652173913043
0.08695652173913043
0.13043478260869565
0.08695652173913043
0.043478260869565216
0.08695652173913043
0.08695652173913043
0.21739130434782608
0.17391304347826086
0.13043478260869565
0.08695652173913043
0.0
0.043478260869565216
0.08695652173913043
0.0
0.08695652173913043
0.17391304347826086
0.08695652173913043
0.08695652173913043
0.043478260869565216
0.043478260869565216
0.08695652173913043
0.08695652173913043
0.08695652173913043
0.08695652173913043
0.043478260869565216
0.13043478260869565
0.0
0.08695652173913043
0.043478260869565216
0.0
0.13043478260869565
0.17391304347826086
0.08695652173913043
0.13043478260869565
0.0
0.0
0.0
0.13043478260869565
0.043478260869565216
0.043478260869565216
0.043478260869565216
0.043478260869565216
0.13043478260869565
0.0
0.08695652173913043
0.043478260869565216
0.043478260869565216
0.08695652173913043
0.0
0.13043478260869565
0.08695652173913043
0.043478260869565216
0.08695652173913043
0.0
0.043478260869565216
0.13043478260869565
0.043478260869565216
0.043478260869565216
0.13043478260869565
0.08695652173913043
0.043478260869565216
0.13043478260869565
0.08695652173913043
0.08695652173913043
0.043478260869565216
0.08695652173913043
0.0
0.08695652173913043
0.13043478260869565
0.08695652173913043
0.17391304347826086
0.08695652173913043
0.08695652173913043
0.13043478260869565
0.043478260869565216
0.08695652173913043
0.08695652173913043
0.21739130434782608
0.22727272727272727
0.0
0.13636363636363635
0.13636363636363635
0.045454545454545456
0.22727272727272727
0.0
0.045454545454545456
0.09090909090909091
0.18181818181818182
0.0
0.13636363636363635
0.13636363636363635
0.13636363636363635
0.13636363636363635
0.09090909090909091
0.045454545454545456
0.09090909090909091
0.09090909090909091
0.045454545454545456
0.13636363636363635
0.045454545454545456
0.09090909090909091
0.13636363636363635
0.09090909090909091
0.045454545454545456
0.09090909090909091
0.045454545454545456
0.13636363636363635
0.13636363636363635
0.09090909090909091
0.045454545454545456
0.09090909090909091
0.09090909090909091
0.09090909090909091
0.045454545454545456
0.13636363636363635
0.045454545454545456
0.045454545454545456
0.09090909090909091
0.045454545454545456
0.0
0.22727272727272727
0.045454545454545456
0.045454545454545456
0.0
0.045454545454545456
0.09090909090909091
0.09090909090909091
0.045454545454545456
0.09090909090909091
0.045454545454545456
0.13636363636363635
0.18181818181818182
0.09090909090909091
0.18181818181818182
0.0
0.13636363636363635
0.09090909090909091
0.045454545454545456
0.18181818181818182
0.045454545454545456
0.0
0.13636363636363635
0.045454545454545456
0.09090909090909091
0.09090909090909091
0.22727272727272727
0.0
0.045454545454545456
0.0
0.0
0.045454545454545456
0.0
0.13636363636363635
0.09090909090909091
0.045454545454545456
0.22727272727272727
0.045454545454545456
0.18181818181818182
0.09090909090909091
0.13636363636363635
0.13636363636363635
0.09090909090909091
0.09090909090909091
0.09090909090909091
0.09090909090909091
0.13636363636363635
0.045454545454545456
0.2727272727272727
0.09090909090909091
0.09090909090909091
0.13636363636363635
0.09090909090909091
0.09090909090909091
0.09090909090909091
0.13636363636363635
0.09090909090909091
0.0
0.09090909090909091
0.13636363636363635
0.22727272727272727
0.045454545454545456
0.045454545454545456
0.0
0.18181818181818182
0.13636363636363635
0.18181818181818182
0.09090909090909091
0.13636363636363635
0.0
0.18181818181818182
0.045454545454545456
0.045454545454545456
0.13636363636363635
0.09090909090909091
0.045454545454545456
0.09090909090909091
0.09090909090909091
0.13636363636363635
0.13636363636363635
0.13636363636363635
0.09090909090909091
0.09090909090909091
0.09090909090909091
0.047619047619047616
0.09523809523809523
0.14285714285714285
0.09523809523809523
0.19047619047619047
0.19047619047619047
0.09523809523809523
0.047619047619047616
0.0
0.09523809523809523
0.14285714285714285
0.09523809523809523
0.09523809523809523
0.09523809523809523
0.047619047619047616
0.047619047619047616
0.14285714285714285
0.047619047619047616
0.047619047619047616
0.09523809523809523
0.09523809523809523
0.047619047619047616
0.19047619047619047
0.19047619047619047
0.09523809523809523
0.047619047619047616
0.047619047619047616
0.14285714285714285
0.047619047619047616
0.0
0.09523809523809523
0.14285714285714285
0.047619047619047616
0.0
0.09523809523809523
0.19047619047619047
0.14285714285714285
0.14285714285714285
0.047619047619047616
0.23809523809523808
0.0
0.14285714285714285
0.09523809523809523
0.14285714285714285
0.19047619047619047
0.0
0.09523809523809523
0.047619047619047616
0.047619047619047616
0.047619047619047616
0.19047619047619047
0.14285714285714285
0.0
0.047619047619047616
0.23809523809523808
0.14285714285714285
0.0
0.14285714285714285
0.19047619047619047
0.09523809523809523
0.09523809523809523
0.19047619047619047
0.09523809523809523
0.09523809523809523
0.09523809523809523
0.2857142857142857
0.19047619047619047
0.09523809523809523
0.0
0.19047619047619047
0.047619047619047616
0.14285714285714285
0.0
0.09523809523809523
0.09523809523809523
0.0
0.047619047619047616
0.09523809523809523
0.19047619047619047
0.0
0.09523809523809523
0.14285714285714285
0.14285714285714285
0.23809523809523808
0.0
0.14285714285714285
0.14285714285714285
0.23809523809523808
0.09523809523809523
0.14285714285714285
0.14285714285714285
0.09523809523809523
0.09523809523809523
0.09523809523809523
0.047619047619047616
0.09523809523809523
0.19047619047619047
0.047619047619047616
0.047619047619047616
0.047619047619047616
0.09523809523809523
0.09523809523809523
0.09523809523809523
0.0
0.0
0.0
0.14285714285714285
0.047619047619047616
0.09523809523809523
0.047619047619047616
0.09523809523809523
0.09523809523809523
0.047619047619047616
0.14285714285714285
0.09523809523809523
0.09523809523809523
0.047619047619047616
0.14285714285714285
0.09523809523809523
0.09523809523809523
0.14285714285714285
0.14285714285714285
0.09523809523809523
0.09523809523809523
0.14285714285714285
0.14285714285714285
0.0
0.14285714285714285
0.09523809523809523
0.09523809523809523
0.23809523809523808
0.19047619047619047
0.09523809523809523
0.09523809523809523
0.14285714285714285
0.047619047619047616
0.047619047619047616
0.09523809523809523
0.14285714285714285
0.1
0.1
0.15
0.05
0.05
0.0
0.15
0.2
0.1
0.1
0.2
0.2
0.15
0.25
0.15
0.0
0.0
0.1
0.05
0.05
0.1
0.2
0.05
0.15
0.1
0.15
0.0
0.0
0.25
0.05
0.05
0.0
0.05
0.05
0.0
0.15
0.05
0.25
0.15
0.1
0.05
0.1
0.05
0.15
0.15
0.05
0.05
0.05
0.1
0.05
0.0
0.1
0.05
0.2
0.1
0.15
0.0
0.0
0.3
0.1
0.1
0.15
0.05
0.1
0.15
0.05
0.1
0.15
0.1
0.1
0.1
0.05
0.15
0.15
0.15
0.1
0.1
0.05
0.2
0.15
0.1
0.1
0.1
0.1
0.2
0.05
0.05
0.15
0.1
0.1
0.15
0.15
0.15
0.05
0.1
0.2
0.0
0.05
0.05
0.15
0.05
0.1
0.05
0.05
0.05
0.1
0.25
0.05
0.15
0.1
0.15
0.15
0.15
0.05
0.1
0.15
0.1
0.05
0.1
0.05
0.15
0.05
0.15
0.15
0.0
0.05
0.2
0.15
0.10526315789473684
0.21052631578947367
0.15789473684210525
0.05263157894736842
0.2631578947368421
0.15789473684210525
0.15789473684210525
0.15789473684210525
0.10526315789473684
0.10526315789473684
0.05263157894736842
0.10526315789473684
0.10526315789473684
0.10526315789473684
0.15789473684210525
0.10526315789473684
0.15789473684210525
0.21052631578947367
0.10526315789473684
0.15789473684210525
0.05263157894736842
0.10526315789473684
0.21052631578947367
0.05263157894736842
0.05263157894736842
0.10526315789473684
0.10526315789473684
0.10526315789473684
0.21052631578947367
0.10526315789473684
0.10526315789473684
0.05263157894736842
0.05263157894736842
0.15789473684210525
0.15789473684210525
0.21052631578947367
0.10526315789473684
0.05263157894736842
0.0
0.05263157894736842
0.21052631578947367
0.21052631578947367
0.15789473684210525
0.10526315789473684
0.10526315789473684
0.0
0.05263157894736842
0.15789473684210525
0.0
0.21052631578947367
0.0
0.10526315789473684
0.21052631578947367
0.10526315789473684
0.10526315789473684
0.05263157894736842
0.15789473684210525
0.05263157894736842
0.10526315789473684
0.15789473684210525
0.05263157894736842
0.05263157894736842
0.10526315789473684
0.15789473684210525
0.10526315789473684
0.05263157894736842
0.10526315789473684
0.05263157894736842
0.10526315789473684
0.05263157894736842
0.10526315789473684
0.05263157894736842
0.05263157894736842
0.05263157894736842
0.21052631578947367
0.21052631578947367
0.10526315789473684
0.10526315789473684
0.15789473684210525
0.10526315789473684
0.0
0.21052631578947367
0.10526315789473684
0.21052631578947367
0.10526315789473684
0.05263157894736842
0.0
0.05263157894736842
0.0
0.05263157894736842
0.05263157894736842
0.05263157894736842
0.21052631578947367
0.15789473684210525
0.05263157894736842
0.21052631578947367
0.10526315789473684
0.10526315789473684
0.0
0.10526315789473684
0.15789473684210525
0.0
0.10526315789473684
0.10526315789473684
0.15789473684210525
0.10526315789473684
0.05263157894736842
0.10526315789473684
0.15789473684210525
0.10526315789473684
0.0
0.0
0.05263157894736842
0.05263157894736842
0.2631578947368421
0.15789473684210525
0.10526315789473684
0.10526315789473684
0.05263157894736842
0.05263157894736842
0.05263157894736842
0.21052631578947367
0.21052631578947367
0.21052631578947367
0.05263157894736842
0.15789473684210525
0.21052631578947367
0.15789473684210525
0.10526315789473684
0.05263157894736842
0.21052631578947367
0.05263157894736842
0.15789473684210525
0.10526315789473684
0.0
0.05263157894736842
0.21052631578947367
0.21052631578947367
0.15789473684210525
0.10526315789473684
0.05263157894736842
0.21052631578947367
0.05263157894736842
0.05263157894736842
0.15789473684210525
0.10526315789473684
0.10526315789473684
0.10526315789473684
0.10526315789473684
0.05263157894736842
0.15789473684210525
0.10526315789473684
0.10526315789473684
0.15789473684210525
0.05263157894736842
0.10526315789473684
0.10526315789473684
0.0
0.10526315789473684
0.05263157894736842
0.15789473684210525
0.05263157894736842
0.05263157894736842
0.10526315789473684
0.05263157894736842
0.15789473684210525
0.05263157894736842
0.2631578947368421
0.05263157894736842
0.10526315789473684
0.10526315789473684
0.05263157894736842
0.10526315789473684
0.15789473684210525
0.15789473684210525
0.05263157894736842
0.10526315789473684
0.21052631578947367
0.10526315789473684
0.10526315789473684
0.1111111111111111
0.0
0.0
0.3333333333333333
0.1111111111111111
0.1111111111111111
0.1111111111111111
0.05555555555555555
0.2222222222222222
0.16666666666666666
0.05555555555555555
0.0
0.0
0.1111111111111111
0.1111111111111111
0.1111111111111111
0.2222222222222222
0.1111111111111111
0.3333333333333333
0.2222222222222222
0.1111111111111111
0.1111111111111111
0.05555555555555555
0.1111111111111111
0.16666666666666666
0.05555555555555555
0.05555555555555555
0.1111111111111111
0.1111111111111111
0.16666666666666666
0.1111111111111111
0.1111111111111111
0.0
0.1111111111111111
0.1111111111111111
0.2222222222222222
0.16666666666666666
0.1111111111111111
0.16666666666666666
0.0
0.16666666666666666
0.16666666666666666
0.05555555555555555
0.16666666666666666
0.16666666666666666
0.1111111111111111
0.1111111111111111
0.1111111111111111
0.16666666666666666
0.1111111111111111
0.1111111111111111
0.05555555555555555
0.05555555555555555
0.1111111111111111
0.1111111111111111
0.1111111111111111
0.05555555555555555
0.2222222222222222
0.1111111111111111
0.05555555555555555
0.16666666666666666
0.1111111111111111
0.1111111111111111
0.1111111111111111
0.1111111111111111
0.1111111111111111
0.16666666666666666
0.2222222222222222
0.16666666666666666
0.16666666666666666
0.1111111111111111
0.05555555555555555
0.16666666666666666
0.2222222222222222
0.0
0.1111111111111111
0.05555555555555555
0.2222222222222222
0.16666666666666666
0.1111111111111111
0.1111111111111111
0.0
0.16666666666666666
0.16666666666666666
0.05555555555555555
0.05555555555555555
0.05555555555555555
0.1111111111111111
0.05555555555555555
0.1111111111111111
0.1111111111111111
0.16666666666666666
0.05555555555555555
0.05555555555555555
0.0
0.1111111111111111
0.05555555555555555
0.0
0.0
0.2777777777777778
0.2222222222222222
0.05555555555555555
0.05555555555555555
0.2777777777777778
0.0
0.05555555555555555
0.16666666666666666
0.0
0.16666666666666666
0.16666666666666666
0.2222222222222222
0.1111111111111111
0.1111111111111111
0.2777777777777778
0.1111111111111111
0.16666666666666666
0.05555555555555555
0.1111111111111111
0.0
0.0
0.1111111111111111
0.1111111111111111
0.05555555555555555
0.1111111111111111
0.1111111111111111
0.16666666666666666
0.1111111111111111
0.05555555555555555
0.05555555555555555
0.16666666666666666
0.2222222222222222
0.2222222222222222
0.05555555555555555
0.2777777777777778
0.05555555555555555
0.1111111111111111
0.05555555555555555
0.2222222222222222
0.05555555555555555
0.16666666666666666
0.1111111111111111
0.2222222222222222
0.16666666666666666
0.0
0.1111111111111111
0.05555555555555555
0.1111111111111111
0.2222222222222222
0.0
0.0
0.16666666666666666
0.2222222222222222
0.1111111111111111
0.05555555555555555
0.05555555555555555
0.05555555555555555
0.05555555555555555
0.05555555555555555
0.0
0.2222222222222222
0.05555555555555555
0.1111111111111111
0.05555555555555555
0.1111111111111111
0.0
0.2777777777777778
0.0
0.1111111111111111
0.16666666666666666
0.058823529411764705
0.23529411764705882
0.29411764705882354
0.0
0.058823529411764705
0.17647058823529413
0.058823529411764705
0.23529411764705882
0.058823529411764705
0.17647058823529413
0.058823529411764705
0.23529411764705882
0.058823529411764705
0.11764705882352941
0.11764705882352941
0.17647058823529413
0.0
0.17647058823529413
0.11764705882352941
0.11764705882352941
0.17647058823529413
0.0
0.0
0.11764705882352941
0.0
0.058823529411764705
0.11764705882352941
0.11764705882352941
0.058823529411764705
0.11764705882352941
0.0
0.17647058823529413
0.17647058823529413
0.11764705882352941
0.0
0.11764705882352941
0.0
0.058823529411764705
0.17647058823529413
0.17647058823529413
0.0
0.11764705882352941
0.058823529411764705
0.11764705882352941
0.23529411764705882
0.17647058823529413
0.11764705882352941
0.17647058823529413
0.17647058823529413
0.23529411764705882
0.17647058823529413
0.058823529411764705
0.23529411764705882
0.17647058823529413
0.11764705882352941
0.058823529411764705
0.0
0.23529411764705882
0.11764705882352941
0.058823529411764705
0.23529411764705882
0.11764705882352941
0.11764705882352941
0.17647058823529413
0.058823529411764705
0.058823529411764705
0.23529411764705882
0.11764705882352941
0.058823529411764705
0.29411764705882354
0.058823529411764705
0.11764705882352941
0.29411764705882354
0.17647058823529413
0.058823529411764705
0.23529411764705882
0.29411764705882354
0.17647058823529413
0.29411764705882354
0.23529411764705882
0.058823529411764705
0.058823529411764705
0.058823529411764705
0.23529411764705882
0.17647058823529413
0.29411764705882354
0.0
0.11764705882352941
0.17647058823529413
0.058823529411764705
0.11764705882352941
0.17647058823529413
0.17647058823529413
0.058823529411764705
0.058823529411764705
0.17647058823529413
0.11764705882352941
0.11764705882352941
0.11764705882352941
0.0
0.0
0.0
0.058823529411764705
0.11764705882352941
0.058823529411764705
0.23529411764705882
0.11764705882352941
0.0
0.17647058823529413
0.11764705882352941
0.0
0.058823529411764705
0.058823529411764705
0.058823529411764705
0.11764705882352941
0.058823529411764705
0.0
0.23529411764705882
0.11764705882352941
0.17647058823529413
0.17647058823529413
0.11764705882352941
0.11764705882352941
0.0
0.17647058823529413
0.17647058823529413
0.058823529411764705
0.058823529411764705
0.11764705882352941
0.0
0.0
0.17647058823529413
0.29411764705882354
0.0
0.23529411764705882
0.11764705882352941
0.058823529411764705
0.11764705882352941
0.23529411764705882
0.058823529411764705
0.11764705882352941
0.23529411764705882
0.17647058823529413
0.23529411764705882
0.17647058823529413
0.058823529411764705
0.11764705882352941
0.058823529411764705
0.23529411764705882
0.058823529411764705
0.0
0.11764705882352941
0.11764705882352941
0.11764705882352941
0.17647058823529413
0.058823529411764705
0.058823529411764705
0.0
0.17647058823529413
0.17647058823529413
0.0
0.3125
0.1875
0.0625
0.125
0.0
0.1875
0.125
0.0625
0.125
0.25
0.25
0.1875
0.125
0.125
0.125
0.3125
0.1875
0.125
0.3125
0.1875
0.0625
0.0625
0.125
0.1875
0.0625
0.125
0.125
0.0
0.125
0.0625
0.125
0.125
0.0
0.1875
0.0625
0.0625
0.125
0.125
0.0625
0.125
0.125
0.0625
0.3125
0.0
0.125
0.125
0.1875
0.25
0.0625
0.25
0.25
0.0
0.0625
0.0
0.0
0.1875
0.25
0.1875
0.0625
0.0625
0.375
0.125
0.1875
0.0625
0.1875
0.125
0.1875
0.0625
0.0625
0.125
0.1875
0.0
0.125
0.0
0.125
0.0
0.1875
0.0
0.25
0.0625
0.125
0.1875
0.0
0.0
0.1875
0.1875
0.0625
0.1875
0.0
0.0625
0.0
0.0625
0.1875
0.125
0.125
0.125
0.25
0.0625
0.125
0.1875
0.125
0.3125
0.0
0.1875
0.125
0.0625
0.1875
0.0625
0.125
0.1875
0.0
0.125
0.125
0.0
0.25
0.0625
0.1875
0.0625
0.125
0.125
0.1875
0.1875
0.1875
0.1875
0.0
0.125
0.0
0.1875
0.125
0.0
0.0
0.125
0.0
0.125
0.125
0.0
0.0
0.0
0.125
0.125
0.1875
0.25
0.125
0.125
0.0
0.0625
0.125
0.0
0.0625
0.0
0.125
0.25
0.1875
0.125
0.0625
0.1875
0.0625
0.125
0.0
0.1875
0.125
0.0
0.125
0.0
0.0625
0.1875
0.0625
0.125
0.1875
0.0625
0.125
0.1875
0.0625
0.0
0.3125
0.125
0.125
0.0625
0.0625
0.125
0.25
0.125
0.25
0.0
0.25
0.125
0.125
0.125
0.0
0.25
0.25
0.1875
0.3125
0.125
0.125
0.125
0.25
0.125
0.1875
0.25
0.0
0.1875
0.1875
0.0625
0.125
0.125
0.0625
0.125
0.125
0.125
0.06666666666666667
0.06666666666666667
0.2
0.2
0.2
0.26666666666666666
0.2
0.13333333333333333
0.06666666666666667
0.26666666666666666
0.0
0.13333333333333333
0.26666666666666666
0.13333333333333333
0.06666666666666667
0.13333333333333333
0.2
0.2
0.13333333333333333
0.2
0.2
0.06666666666666667
0.13333333333333333
0.13333333333333333
0.13333333333333333
0.13333333333333333
0.0
0.2
0.13333333333333333
0.13333333333333333
0.13333333333333333
0.3333333333333333
0.0
0.2
0.06666666666666667
0.13333333333333333
0.2
0.13333333333333333
0.13333333333333333
0.06666666666666667
0.0
0.26666666666666666
0.06666666666666667
0.2
0.13333333333333333
0.0
0.2
0.0
0.06666666666666667
0.13333333333333333
0.2
0.4
0.06666666666666667
0.0
0.2
0.13333333333333333
0.13333333333333333
0.13333333333333333
0.06666666666666667
0.13333333333333333
0.26666666666666666
0.06666666666666667
0.06666666666666667
0.13333333333333333
0.06666666666666667
0.3333333333333333
0.0
0.13333333333333333
0.06666666666666667
0.0
0.13333333333333333
0.2
0.06666666666666667
0.0
0.06666666666666667
0.06666666666666667
0.06666666666666667
0.26666666666666666
0.0
0.26666666666666666
0.06666666666666667
0.06666666666666667
0.13333333333333333
0.0
0.0
0.13333333333333333
0.13333333333333333
0.13333333333333333
0.06666666666666667
0.0
0.2
0.26666666666666666
0.13333333333333333
0.0
0.13333333333333333
0.06666666666666667
0.13333333333333333
0.06666666666666667
0.2
0.2
0.13333333333333333
0.13333333333333333
0.13333333333333333
0.13333333333333333
0.26666666666666666
0.06666666666666667
0.2
0.06666666666666667
0.2
0.06666666666666667
0.13333333333333333
0.0
0.13333333333333333
0.0
0.13333333333333333
0.13333333333333333
0.06666666666666667
0.06666666666666667
0.0
0.13333333333333333
0.06666666666666667
0.0
0.26666666666666666
0.13333333333333333
0.06666666666666667
0.26666666666666666
0.13333333333333333
0.0
0.13333333333333333
0.0
0.06666666666666667
0.13333333333333333
0.13333333333333333
0.13333333333333333
0.13333333333333333
0.26666666666666666
0.13333333333333333
0.13333333333333333
0.0
0.2
0.13333333333333333
0.26666666666666666
0.3333333333333333
0.2
0.13333333333333333
0.2
0.06666666666666667
0.13333333333333333
0.0
0.2
0.0
0.06666666666666667
0.2
0.2
0.26666666666666666
0.13333333333333333
0.26666666666666666
0.06666666666666667
0.13333333333333333
0.06666666666666667
0.13333333333333333
0.2
0.06666666666666667
0.2
0.0
0.13333333333333333
0.2
0.26666666666666666
0.0
0.0
0.13333333333333333
0.2
0.2
0.2
0.13333333333333333
0.13333333333333333
0.13333333333333333
0.13333333333333333
0.06666666666666667
0.26666666666666666
0.2
0.06666666666666667
0.06666666666666667
0.06666666666666667
0.06666666666666667
0.2
0.06666666666666667
0.06666666666666667
0.2
0.13333333333333333
0.0
0.2
0.2
0.3333333333333333
0.06666666666666667
0.06666666666666667
0.06666666666666667
0.06666666666666667
0.13333333333333333
0.06666666666666667
0.2
0.06666666666666667
0.26666666666666666
0.06666666666666667
0.0
0.13333333333333333
0.06666666666666667
0.13333333333333333
0.2
0.13333333333333333
0.2
0.3333333333333333
0.06666666666666667
0.06666666666666667
0.06666666666666667
0.06666666666666667
0.13333333333333333
0.06666666666666667
0.26666666666666666
0.13333333333333333
0.06666666666666667
0.13333333333333333
0.2
0.0
0.14285714285714285
0.07142857142857142
0.07142857142857142
0.14285714285714285
0.14285714285714285
0.07142857142857142
0.07142857142857142
0.14285714285714285
0.0
0.07142857142857142
0.21428571428571427
0.2857142857142857
0.2857142857142857
0.14285714285714285
0.2857142857142857
0.14285714285714285
0.21428571428571427
0.07142857142857142
0.14285714285714285
0.0
0.0
0.21428571428571427
0.07142857142857142
0.21428571428571427
0.2857142857142857
0.14285714285714285
0.21428571428571427
0.0
0.07142857142857142
0.07142857142857142
0.14285714285714285
0.07142857142857142
0.0
0.07142857142857142
0.07142857142857142
0.14285714285714285
0.07142857142857142
0.07142857142857142
0.07142857142857142
0.14285714285714285
0.14285714285714285
0.07142857142857142
0.0
0.07142857142857142
0.14285714285714285
0.14285714285714285
0.14285714285714285
0.21428571428571427
0.0
0.07142857142857142
0.21428571428571427
0.21428571428571427
0.07142857142857142
0.2857142857142857
0.14285714285714285
0.14285714285714285
0.07142857142857142
0.35714285714285715
0.14285714285714285
0.07142857142857142
0.0
0.21428571428571427
0.14285714285714285
0.21428571428571427
0.21428571428571427
0.07142857142857142
0.14285714285714285
0.21428571428571427
0.14285714285714285
0.21428571428571427
0.2857142857142857
0.07142857142857142
0.14285714285714285
0.07142857142857142
0.14285714285714285
0.2857142857142857
0.07142857142857142
0.14285714285714285
0.07142857142857142
0.14285714285714285
0.07142857142857142
0.14285714285714285
0.14285714285714285
0.14285714285714285
0.14285714285714285
0.2857142857142857
0.14285714285714285
0.14285714285714285
0.2857142857142857
0.0
0.07142857142857142
0.21428571428571427
0.2857142857142857
0.07142857142857142
0.0
0.14285714285714285
0.2857142857142857
0.14285714285714285
0.21428571428571427
0.21428571428571427
0.0
0.07142857142857142
0.07142857142857142
0.07142857142857142
0.07142857142857142
0.0
0.07142857142857142
0.14285714285714285
0.21428571428571427
0.14285714285714285
0.07142857142857142
0.21428571428571427
0.07142857142857142
0.14285714285714285
0.14285714285714285
0.21428571428571427
0.14285714285714285
0.07142857142857142
0.14285714285714285
0.07142857142857142
0.14285714285714285
0.14285714285714285
0.14285714285714285
0.07142857142857142
0.14285714285714285
0.0
0.07142857142857142
0.07142857142857142
0.21428571428571427
0.14285714285714285
0.0
0.2857142857142857
0.07142857142857142
0.14285714285714285
0.14285714285714285
0.14285714285714285
0.14285714285714285
0.07142857142857142
0.21428571428571427
0.21428571428571427
0.07142857142857142
0.0
0.14285714285714285
0.07142857142857142
0.14285714285714285
0.2857142857142857
0.14285714285714285
0.21428571428571427
0.07142857142857142
0.35714285714285715
0.21428571428571427
0.21428571428571427
0.21428571428571427
0.07142857142857142
0.21428571428571427
0.14285714285714285
0.0
0.14285714285714285
0.21428571428571427
0.42857142857142855
0.07142857142857142
0.14285714285714285
0.21428571428571427
0.14285714285714285
0.0
0.07142857142857142
0.21428571428571427
0.0
0.07142857142857142
0.14285714285714285
0.21428571428571427
0.21428571428571427
0.14285714285714285
0.21428571428571427
0.07142857142857142
0.0
0.07142857142857142
0.21428571428571427
0.2857142857142857
0.14285714285714285
0.21428571428571427
0.14285714285714285
0.07142857142857142
0.0
0.14285714285714285
0.07142857142857142
0.14285714285714285
0.14285714285714285
0.14285714285714285
0.07142857142857142
0.07142857142857142
0.14285714285714285
0.07142857142857142
0.21428571428571427
0.2857142857142857
0.2857142857142857
0.14285714285714285
0.14285714285714285
0.0
0.0
0.14285714285714285
0.21428571428571427
0.21428571428571427
0.21428571428571427
0.14285714285714285
0.14285714285714285
0.14285714285714285
0.0
0.21428571428571427
0.07142857142857142
0.07142857142857142
0.07142857142857142
0.14285714285714285
0.14285714285714285
0.14285714285714285
0.07142857142857142
0.07142857142857142
0.14285714285714285
0.14285714285714285
0.2857142857142857
0.14285714285714285
0.07142857142857142
0.14285714285714285
0.3076923076923077
0.3076923076923077
0.15384615384615385
0.15384615384615385
0.07692307692307693
0.23076923076923078
0.23076923076923078
0.3076923076923077
0.23076923076923078
0.15384615384615385
0.07692307692307693
0.15384615384615385
0.15384615384615385
0.3076923076923077
0.0
0.23076923076923078
0.23076923076923078
0.07692307692307693
0.07692307692307693
0.15384615384615385
0.15384615384615385
0.07692307692307693
0.0
0.07692307692307693
0.15384615384615385
0.15384615384615385
0.15384615384615385
0.07692307692307693
0.23076923076923078
0.07692307692307693
0.15384615384615385
0.0
0.23076923076923078
0.07692307692307693
0.07692307692307693
0.15384615384615385
0.15384615384615385
0.23076923076923078
0.15384615384615385
0.3076923076923077
0.07692307692307693
0.3076923076923077
0.15384615384615385
0.23076923076923078
0.0
0.23076923076923078
0.15384615384615385
0.15384615384615385
0.15384615384615385
0.3076923076923077
0.07692307692307693
0.23076923076923078
0.07692307692307693
0.15384615384615385
0.07692307692307693
0.0
0.0
0.0
0.15384615384615385
0.07692307692307693
0.15384615384615385
0.15384615384615385
0.15384615384615385
0.15384615384615385
0.15384615384615385
0.3076923076923077
0.3076923076923077
0.3076923076923077
0.07692307692307693
0.15384615384615385
0.23076923076923078
0.23076923076923078
0.23076923076923078
0.07692307692307693
0.15384615384615385
0.07692307692307693
0.15384615384615385
0.3076923076923077
0.0
0.3076923076923077
0.15384615384615385
0.0
0.07692307692307693
0.0
0.07692307692307693
0.3076923076923077
0.23076923076923078
0.15384615384615385
0.07692307692307693
0.23076923076923078
0.15384615384615385
0.23076923076923078
0.15384615384615385
0.07692307692307693
0.23076923076923078
0.0
0.0
0.15384615384615385
0.15384615384615385
0.23076923076923078
0.15384615384615385
0.15384615384615385
0.15384615384615385
0.0
0.15384615384615385
0.3076923076923077
0.23076923076923078
0.07692307692307693
0.23076923076923078
0.15384615384615385
0.15384615384615385
0.15384615384615385
0.15384615384615385
0.07692307692307693
0.07692307692307693
0.15384615384615385
0.15384615384615385
0.0
0.07692307692307693
0.3076923076923077
0.07692307692307693
0.23076923076923078
0.23076923076923078
0.07692307692307693
0.07692307692307693
0.23076923076923078
0.15384615384615385
0.07692307692307693
0.0
0.07692307692307693
0.3076923076923077
0.15384615384615385
0.0
0.38461538461538464
0.15384615384615385
0.15384615384615385
0.15384615384615385
0.15384615384615385
0.07692307692307693
0.38461538461538464
0.15384615384615385
0.23076923076923078
0.0
0.07692307692307693
0.07692307692307693
0.07692307692307693
0.15384615384615385
0.15384615384615385
0.07692307692307693
0.07692307692307693
0.15384615384615385
0.15384615384615385
0.0
0.38461538461538464
0.23076923076923078
0.15384615384615385
0.15384615384615385
0.15384615384615385
0.15384615384615385
0.0
0.15384615384615385
0.15384615384615385
0.3076923076923077
0.23076923076923078
0.15384615384615385
0.07692307692307693
0.07692307692307693
0.23076923076923078
0.0
0.3076923076923077
0.07692307692307693
0.15384615384615385
0.0
0.07692307692307693
0.07692307692307693
0.0
0.15384615384615385
0.07692307692307693
0.15384615384615385
0.15384615384615385
0.07692307692307693
0.0
0.15384615384615385
0.3076923076923077
0.07692307692307693
0.15384615384615385
0.07692307692307693
0.07692307692307693
0.07692307692307693
0.23076923076923078
0.15384615384615385
0.38461538461538464
0.38461538461538464
0.23076923076923078
0.46153846153846156
0.38461538461538464
0.07692307692307693
0.15384615384615385
0.0
0.3076923076923077
0.07692307692307693
0.15384615384615385
0.07692307692307693
0.15384615384615385
0.23076923076923078
0.07692307692307693
0.15384615384615385
0.23076923076923078
0.15384615384615385
0.23076923076923078
0.23076923076923078
0.15384615384615385
0.0
0.07692307692307693
0.15384615384615385
0.07692307692307693
0.07692307692307693
0.3076923076923077
0.0
0.0
0.23076923076923078
0.0
0.0
0.0
0.07692307692307693
0.07692307692307693
0.0
0.23076923076923078
0.0
0.15384615384615385
0.07692307692307693
0.07692307692307693
0.15384615384615385
0.07692307692307693
0.07692307692307693
0.23076923076923078
0.15384615384615385
0.15384615384615385
0.0
0.0
0.23076923076923078
0.0
0.07692307692307693
0.15384615384615385
0.0
0.07692307692307693
0.23076923076923078
0.07692307692307693
0.15384615384615385
0.23076923076923078
0.23076923076923078
0.0
0.15384615384615385
0.23076923076923078
0.15384615384615385
0.07692307692307693
0.23076923076923078
0.0
0.07692307692307693
0.23076923076923078
0.0
0.16666666666666666
0.08333333333333333
0.0
0.0
0.3333333333333333
0.08333333333333333
0.08333333333333333
0.16666666666666666
0.0
0.08333333333333333
0.08333333333333333
0.16666666666666666
0.25
0.08333333333333333
0.08333333333333333
0.16666666666666666
0.0
0.08333333333333333
0.16666666666666666
0.16666666666666666
0.16666666666666666
0.3333333333333333
0.25
0.25
0.16666666666666666
0.0
0.08333333333333333
0.25
0.25
0.08333333333333333
0.4166666666666667
0.25
0.25
0.08333333333333333
0.0
0.5
0.0
0.08333333333333333
0.25
0.08333333333333333
0.08333333333333333
0.16666666666666666
0.0
0.08333333333333333
0.16666666666666666
0.08333333333333333
0.16666666666666666
0.25
0.08333333333333333
0.3333333333333333
0.25
0.08333333333333333
0.16666666666666666
0.4166666666666667
0.25
0.16666666666666666
0.16666666666666666
0.08333333333333333
0.08333333333333333
0.08333333333333333
0.16666666666666666
0.25
0.0
0.0
0.0
0.0
0.25
0.16666666666666666
0.25
0.25
0.08333333333333333
0.25
0.3333333333333333
0.08333333333333333
0.0
0.25
0.08333333333333333
0.0
0.16666666666666666
0.16666666666666666
0.16666666666666666
0.25
0.0
0.0
0.16666666666666666
0.0
0.16666666666666666
0.25
0.08333333333333333
0.0
0.16666666666666666
0.25
0.16666666666666666
0.16666666666666666
0.0
0.0
0.25
0.08333333333333333
0.16666666666666666
0.25
0.08333333333333333
0.0
0.25
0.16666666666666666
0.16666666666666666
0.25
0.16666666666666666
0.08333333333333333
0.25
0.25
0.16666666666666666
0.25
0.16666666666666666
0.08333333333333333
0.25
0.25
0.16666666666666666
0.3333333333333333
0.16666666666666666
0.3333333333333333
0.0
0.08333333333333333
0.16666666666666666
0.08333333333333333
0.08333333333333333
0.16666666666666666
0.0
0.3333333333333333
0.08333333333333333
0.08333333333333333
0.16666666666666666
0.4166666666666667
0.08333333333333333
0.16666666666666666
0.16666666666666666
0.08333333333333333
0.25
0.25
0.25
0.16666666666666666
0.16666666666666666
0.16666666666666666
0.0
0.3333333333333333
0.08333333333333333
0.16666666666666666
0.25
0.08333333333333333
0.08333333333333333
0.5
0.25
0.08333333333333333
0.16666666666666666
0.0
0.16666666666666666
0.16666666666666666
0.16666666666666666
0.16666666666666666
0.08333333333333333
0.08333333333333333
0.08333333333333333
0.08333333333333333
0.25
0.0
0.16666666666666666
0.16666666666666666
0.08333333333333333
0.3333333333333333
0.08333333333333333
0.16666666666666666
0.08333333333333333
0.16666666666666666
0.25
0.16666666666666666
0.16666666666666666
0.16666666666666666
0.25
0.0
0.25
0.3333333333333333
0.16666666666666666
0.0
0.08333333333333333
0.0
0.25
0.08333333333333333
0.4166666666666667
0.08333333333333333
0.0
0.08333333333333333
0.25
0.16666666666666666
0.16666666666666666
0.25
0.25
0.3333333333333333
0.4166666666666667
0.3333333333333333
0.0
0.16666666666666666
0.3333333333333333
0.4166666666666667
0.25
0.16666666666666666
0.16666666666666666
0.08333333333333333
0.0
0.08333333333333333
0.25
0.08333333333333333
0.08333333333333333
0.25
0.16666666666666666
0.16666666666666666
0.5
0.08333333333333333
0.16666666666666666
0.25
0.08333333333333333
0.16666666666666666
0.16666666666666666
0.08333333333333333
0.3333333333333333
0.16666666666666666
0.25
0.0
0.16666666666666666
0.08333333333333333
0.25
0.4166666666666667
0.16666666666666666
0.16666666666666666
0.08333333333333333
0.16666666666666666
0.08333333333333333
0.16666666666666666
0.16666666666666666
0.16666666666666666
0.0
0.16666666666666666
0.08333333333333333
0.25
0.08333333333333333
0.0
0.08333333333333333
0.16666666666666666
0.08333333333333333
0.0
0.25
0.08333333333333333
0.3333333333333333
0.16666666666666666
0.0
0.25
0.16666666666666666
0.3333333333333333
0.4166666666666667
0.25
0.0
0.16666666666666666
0.16666666666666666
0.0
0.3333333333333333
0.08333333333333333
0.5
0.0
0.4166666666666667
0.08333333333333333
0.16666666666666666
0.08333333333333333
0.16666666666666666
0.16666666666666666
0.0
0.3333333333333333
0.25
0.3333333333333333
0.16666666666666666
0.16666666666666666
0.08333333333333333
0.25
0.25
0.16666666666666666
0.25
0.16666666666666666
0.3333333333333333
0.16666666666666666
0.16666666666666666
0.18181818181818182
0.09090909090909091
0.2727272727272727
0.2727272727272727
0.18181818181818182
0.2727272727272727
0.09090909090909091
0.2727272727272727
0.0
0.18181818181818182
0.18181818181818182
0.09090909090909091
0.09090909090909091
0.09090909090909091
0.18181818181818182
0.36363636363636365
0.2727272727272727
0.0
0.09090909090909091
0.09090909090909091
0.09090909090909091
0.09090909090909091
0.09090909090909091
0.09090909090909091
0.18181818181818182
0.09090909090909091
0.2727272727272727
0.09090909090909091
0.2727272727272727
0.36363636363636365
0.09090909090909091
0.18181818181818182
0.09090909090909091
0.09090909090909091
0.09090909090909091
0.09090909090909091
0.2727272727272727
0.2727272727272727
0.18181818181818182
0.36363636363636365
0.2727272727272727
0.36363636363636365
0.2727272727272727
0.09090909090909091
0.36363636363636365
0.2727272727272727
0.09090909090909091
0.18181818181818182
0.18181818181818182
0.36363636363636365
0.18181818181818182
0.2727272727272727
0.0
0.2727272727272727
0.09090909090909091
0.0
0.09090909090909091
0.2727272727272727
0.09090909090909091
0.09090909090909091
0.0
0.18181818181818182
0.18181818181818182
0.09090909090909091
0.36363636363636365
0.18181818181818182
0.5454545454545454
0.2727272727272727
0.2727272727272727
0.18181818181818182
0.18181818181818182
0.09090909090909091
0.09090909090909091
0.36363636363636365
0.0
0.2727272727272727
0.2727272727272727
0.18181818181818182
0.18181818181818182
0.18181818181818182
0.09090909090909091
0.09090909090909091
0.18181818181818182
0.2727272727272727
0.09090909090909091
0.09090909090909091
0.09090909090909091
0.09090909090909091
0.0
0.2727272727272727
0.0
0.18181818181818182
0.18181818181818182
0.2727272727272727
0.2727272727272727
0.18181818181818182
0.0
0.18181818181818182
0.18181818181818182
0.09090909090909091
0.2727272727272727
0.2727272727272727
0.09090909090909091
0.2727272727272727
0.18181818181818182
0.18181818181818182
0.09090909090909091
0.0
0.09090909090909091
0.18181818181818182
0.0
0.18181818181818182
0.2727272727272727
0.09090909090909091
0.0
0.18181818181818182
0.18181818181818182
0.18181818181818182
0.2727272727272727
0.09090909090909091
0.0
0.09090909090909091
0.36363636363636365
0.0
0.18181818181818182
0.09090909090909091
0.2727272727272727
0.2727272727272727
0.0
0.2727272727272727
0.09090909090909091
0.09090909090909091
0.18181818181818182
0.2727272727272727
0.18181818181818182
0.45454545454545453
0.5454545454545454
0.18181818181818182
0.5454545454545454
0.0
0.0
0.36363636363636365
0.18181818181818182
0.18181818181818182
0.0
0.09090909090909091
0.5454545454545454
0.18181818181818182
0.09090909090909091
0.2727272727272727
0.18181818181818182
0.18181818181818182
0.09090909090909091
0.09090909090909091
0.2727272727272727
0.2727272727272727
0.18181818181818182
0.0
0.2727272727272727
0.18181818181818182
0.36363636363636365
0.2727272727272727
0.2727272727272727
0.18181818181818182
0.0
0.09090909090909091
0.09090909090909091
0.2727272727272727
0.2727272727272727
0.0
0.2727272727272727
0.18181818181818182
0.09090909090909091
0.18181818181818182
0.0
0.2727272727272727
0.36363636363636365
0.2727272727272727
0.18181818181818182
0.0
0.09090909090909091
0.18181818181818182
0.09090909090909091
0.0
0.2727272727272727
0.18181818181818182
0.09090909090909091
0.09090909090909091
0.09090909090909091
0.18181818181818182
0.18181818181818182
0.18181818181818182
0.18181818181818182
0.09090909090909091
0.09090909090909091
0.09090909090909091
0.18181818181818182
0.18181818181818182
0.2727272727272727
0.18181818181818182
0.2727272727272727
0.09090909090909091
0.18181818181818182
0.36363636363636365
0.18181818181818182
0.18181818181818182
0.09090909090909091
0.09090909090909091
0.09090909090909091
0.18181818181818182
0.2727272727272727
0.18181818181818182
0.09090909090909091
0.36363636363636365
0.0
0.36363636363636365
0.18181818181818182
0.0
0.0
0.18181818181818182
0.09090909090909091
0.09090909090909091
0.0
0.09090909090909091
0.2727272727272727
0.09090909090909091
0.09090909090909091
0.18181818181818182
0.36363636363636365
0.09090909090909091
0.2727272727272727
0.2727272727272727
0.0
0.0
0.09090909090909091
0.09090909090909091
0.2727272727272727
0.2727272727272727
0.18181818181818182
0.0
0.09090909090909091
0.36363636363636365
0.36363636363636365
0.18181818181818182
0.2727272727272727
0.18181818181818182
0.45454545454545453
0.18181818181818182
0.09090909090909091
0.18181818181818182
0.18181818181818182
0.18181818181818182
0.2727272727272727
0.18181818181818182
0.09090909090909091
0.18181818181818182
0.09090909090909091
0.6363636363636364
0.18181818181818182
0.18181818181818182
0.09090909090909091
0.18181818181818182
0.45454545454545453
0.18181818181818182
0.18181818181818182
0.18181818181818182
0.09090909090909091
0.18181818181818182
0.09090909090909091
0.0
0.18181818181818182
0.36363636363636365
0.0
0.36363636363636365
0.36363636363636365
0.18181818181818182
0.2727272727272727
0.09090909090909091
0.45454545454545453
0.09090909090909091
0.2727272727272727
0.09090909090909091
0.2727272727272727
0.09090909090909091
0.09090909090909091
0.36363636363636365
0.36363636363636365
0.36363636363636365
0.18181818181818182
0.09090909090909091
0.0
0.2727272727272727
0.2727272727272727
0.2727272727272727
0.2727272727272727
0.09090909090909091
0.09090909090909091
0.18181818181818182
0.2727272727272727
0.0
0.09090909090909091
0.6363636363636364
0.18181818181818182
0.18181818181818182
0.18181818181818182
0.2727272727272727
0.18181818181818182
0.09090909090909091
0.09090909090909091
0.36363636363636365
0.09090909090909091
0.09090909090909091
0.09090909090909091
0.18181818181818182
0.18181818181818182
0.18181818181818182
0.2727272727272727
0.18181818181818182
0.2727272727272727
0.18181818181818182
0.09090909090909091
0.09090909090909091
0.09090909090909091
0.18181818181818182
0.2727272727272727
0.0
0.18181818181818182
0.2
0.3
0.2
0.0
0.5
0.1
0.1
0.1
0.2
0.2
0.0
0.1
0.0
0.4
0.3
0.2
0.0
0.1
0.2
0.2
0.3
0.3
0.1
0.0
0.1
0.3
0.1
0.1
0.1
0.0
0.1
0.3
0.3
0.1
0.0
0.3
0.1
0.4
0.4
0.1
0.2
0.4
0.1
0.3
0.1
0.3
0.2
0.2
0.1
0.2
0.2
0.0
0.2
0.1
0.0
0.0
0.0
0.2
0.1
0.4
0.3
0.2
0.1
0.0
0.0
0.2
0.2
0.2
0.4
0.2
0.2
0.1
0.1
0.1
0.1
0.2
0.1
0.3
0.2
0.2
0.4
0.1
0.4
0.2
0.0
0.0
0.3
0.5
0.2
0.2
0.2
0.1
0.1
0.1
0.1
0.1
0.1
0.0
0.2
0.1
0.1
0.4
0.2
0.0
0.2
0.3
0.2
0.2
0.3
0.2
0.2
0.0
0.3
0.0
0.1
0.4
0.1
0.0
0.1
0.1
0.0
0.1
0.3
0.1
0.1
0.1
0.2
0.3
0.2
0.1
0.0
0.3
0.2
0.1
0.0
0.1
0.2
0.2
0.2
0.1
0.4
0.2
0.1
0.2
0.3
0.1
0.1
0.1
0.2
0.2
0.2
0.4
0.0
0.0
0.2
0.1
0.1
0.1
0.3
0.4
0.0
0.1
0.3
0.0
0.2
0.2
0.0
0.1
0.0
0.3
0.4
0.2
0.1
0.0
0.0
0.2
0.1
0.0
0.0
0.1
0.1
0.1
0.0
0.1
0.3
0.3
0.3
0.0
0.0
0.3
0.3
0.1
0.0
0.1
0.0
0.0
0.3
0.1
0.2
0.2
0.0
0.1
0.2
0.6
0.1
0.0
0.0
0.1
0.3
0.2
0.2
0.2
0.0
0.1
0.2
0.1
0.1
0.1
0.0
0.1
0.3
0.0
0.1
0.0
0.2
0.1
0.4
0.1
0.0
0.3
0.3
0.3
0.3
0.1
0.3
0.1
0.3
0.1
0.3
0.2
0.3
0.3
0.0
0.2
0.1
0.1
0.2
0.3
0.3
0.3
0.1
0.0
0.2
0.1
0.0
0.3
0.2
0.1
0.2
0.1
0.2
0.4
0.2
0.0
0.3
0.1
0.0
0.3
0.2
0.3
0.2
0.0
0.1
0.1
0.3
0.2
0.1
0.4
0.1
0.2
0.0
0.0
0.2
0.1
0.4
0.1
0.2
0.1
0.4
0.3
0.0
0.2
0.2
0.1
0.3
0.1
0.4
0.1
0.0
0.0
0.3
0.2
0.2
0.1
0.1
0.1
0.1
0.3
0.5
0.0
0.1
0.1
0.1
0.5
0.3
0.1
0.3
0.2
0.3
0.0
0.3
0.4
0.0
0.0
0.5
0.0
0.5
0.3
0.2
0.0
0.1
0.0
0.1
0.1
0.1
0.1
0.5
0.2
0.4
0.3
0.2
0.2
0.4
0.1
0.3
0.0
0.0
0.0
0.3
0.1
0.1
0.4
0.3
0.2
0.1
0.1
0.4
0.0
0.0
0.2
0.3
0.1
0.4
0.1
0.3
0.0
0.1
0.2
0.5
0.0
0.3
0.1
0.2
0.3
0.2
0.3
0.2
0.1
0.3
0.0
0.0
0.3
0.3
0.4
0.2
0.1
0.2
0.2
0.3
0.3
0.2
0.0
0.1
0.2
0.3
0.2
0.1
0.1
0.2
0.3
0.1
0.2
0.2
0.0
0.0
0.1
0.3
0.2
0.2
0.2
0.1
0.2
