2.8734039521217345
2.85600382566452
2.8362797832489015
2.812202663421631
2.7790819573402405
2.7385357356071474
2.6828345346450804
2.6110447669029235
2.5137542843818665
2.4022607231140136
2.2902085280418394
2.2058603167533875
2.1433668327331543
2.1084683656692507
2.0806437277793886
2.0637300610542297
2.0516279673576356
2.041975402832031
2.0326556944847107
2.02780134677887
2.0255988478660583
2.019905295372009
2.0148870491981508
2.015398211479187
2.0131109023094176
2.009510817527771
2.007530963420868
2.008298645019531
2.004903061389923
2.003159191608429
