6.622412490844726
6.495404716332754
6.34758175611496
6.140362997849782
5.877145318190257
5.556061089038849
5.271762621402741
5.066147899627685
4.923109630743663
4.840203885237376
4.779292627175649
4.7459646741549175
4.724215273062388
4.6970737934112545
4.692518059412638
4.674260071913401
4.66058201789856
4.656396973133087
4.653907028834025
4.648378217220307
4.6485965569814045
4.644075870513916
4.640108668804169
4.637355037530264
4.6351802388827
4.633367967605591
4.631166124343872
4.630837003389995
4.630105670293172
4.630831690629323
4.62828418413798
4.627486948172251
4.627472225824992
4.6267786184946695
4.626341776053111
4.624529266357422
4.623777993520101
4.623634994029999
4.62602987686793
4.624378450711569
4.623549560705821
4.624104559421539
4.62416965564092
4.623184732596079
4.62312437693278
4.625767529010773
4.623378598690033
4.623934702078501
4.623113437493642
4.623255570729573
4.6224579612414045
4.623047649860382
4.622139938672384
4.6218828121821085
4.621849298477173
4.6221258242925005
4.621715823809306
4.62201007604599
4.621689184506734
4.621655567487081
4.621556707223257
4.621683458487193
4.621570789813996
4.621520646413168
4.621603361765543
4.6216078440348305
4.621406765778859
4.621408375104268
4.621437867482503
4.621610597769419
4.621629623572032
4.621533036231995
4.621567757924398
4.62182070016861
4.621876553694407
4.621553401152293
4.62160617907842
4.622055824597677
4.621676544348399
4.621603933970134
4.621788040796916
4.6219960927963255
4.621684428056081
4.622048862775167
4.621629198392232
4.621668291091919
4.622096157073974
4.622556602954864
4.624350154399872
4.622244675954183
4.622648187478384
4.6236316124598185
4.6215271274248755
4.622015881538391
4.621745459238688
4.621666816870372
4.621540641784668
4.621508336067199
4.621638385454814
4.621899966398875
