0
0
0
0
0
0
0
0
0
0
0
0
0
0
0
0
0
0
0
0
2 329:0.999969321141 4349:0.99994411148
2 1733:1.0 3594:0.999999999944
6 251:1.0 3084:1.0 1522:0.999999991998 2316:0.999817883015 2597:0.999774125736 3727:0.999485700543
0
0
0
0
0
1 441:0.999999999923
0
0
0
0
4 2229:1.0 2302:0.999999999614 879:0.999999999122 775:0.999999992563
0
0
0
0
0
0
0
0
0
0
0
0
0
15 2633:1.0 2224:1.0 4343:1.0 2891:0.999999999999 1949:0.999999999973 435:0.999999986439 809:0.999999985811 4309:0.999999315814 808:0.999998424722 45:0.999869100655 3291:0.999789531616 1535:0.999737702122 2039:0.9995879938 3973:0.999381402485 2571:0.996907899412
0
0
0
0
1 2276:0.999999996347
0
0
0
0
0
0
0
0
0
0
0
3 4075:1.0 2496:0.999999999996 935:0.999995199007
0
0
0
0
0
0
0
0
0
0
0
0
0
0
1 3756:1.0
0
3 2425:1.0 1207:1.0 1915:0.99999999987
0
0
5 1008:0.999999999999 3916:0.999999999983 3338:0.999999983888 1824:0.999832615506 129:0.99910122757
0
0
0
0
0
0
1 1174:0.999998681715
1 826:0.999999995219
0
0
0
0
0
0
0
0
0
4 1192:0.99999999883 1193:0.999999989919 4050:0.999999705714 2254:0.999998070626
0
0
0
0
0
1 674:1.0
0
0
0
0
0
2 1722:0.999999808014 3982:0.999909291809
0
0
0
0
0
0
0
0
0
0
0
0
0
0
2 486:0.999999998166 1803:0.999999870415
0
0
2 1356:1.0 250:0.999999983059
0
0
0
0
0
0
0
0
0
0
0
0
0
0
1 4119:0.999999999992
0
0
0
0
0
2 2231:1.0 2608:0.999909567729
0
0
0
0
0
4 571:1.0 4441:0.999999999996 1126:0.999999995645 1448:0.999998882599
0
0
0
0
0
0
0
2 2202:0.999999999994 2405:0.999999999992
0
0
0
0
1 683:0.999999930337
0
0
0
0
0
0
1 2382:0.999999185395
0
0
0
0
0
0
0
0
0
0
0
0
0
0
0
0
0
0
0
1 782:0.995668926337
0
0
0
0
0
1 2235:0.999999505021
1 4043:0.9999999945
0
0
0
0
0
0
0
0
0
0
1 3269:1.0
0
0
0
0
0
0
0
0
0
0
0
0
0
0
0
0
0
0
0
3 616:0.999999999998 53:0.999999998858 2300:0.999995507479
0
0
0
0
0
0
0
0
0
0
2 3840:0.999999929485 344:0.999994106797
0
0
0
0
0
0
0
0
0
0
0
0
0
0
0
0
0
0
0
0
0
0
0
0
0
2 2059:0.999999962479 3609:0.998984067619
0
0
1 1974:1.0
0
0
0
0
0
0
0
0
0
0
0
0
0
0
0
0
0
0
0
1 3219:0.999999999007
0
0
0
0
0
0
0
0
0
0
1 1807:0.999999999725
0
1 3119:0.999999999979
0
30 4173:1.0 4338:1.0 1782:1.0 2236:1.0 2110:1.0 1872:1.0 4037:1.0 2196:1.0 1435:1.0 2785:0.999999999995 2401:0.999999999978 297:0.999999999756 58:0.999999999754 592:0.999999999723 2621:0.999999999704 1176:0.999999999559 2695:0.999999999143 1301:0.999999998696 571:0.99999999511 647:0.999999954953 3546:0.999999908269 1648:0.999997365497 1172:0.9999945331 2157:0.999993299631 1390:0.999983102453 2958:0.999976966577 2007:0.999954426968 2971:0.999923995463 1293:0.999141250316 389:0.998674112536
0
0
3 592:1.0 861:0.999999999998 2283:0.99999896957
0
1 1205:0.999999999989
2 1639:0.99999999996 2742:0.999944211432
8 1345:1.0 75:1.0 3292:1.0 73:0.999999999999 2102:0.999999999917 2047:0.999999997303 385:0.999999543421 4373:0.999927090601
0
0
0
0
0
1 2041:0.999332386659
0
0
0
0
0
1 1900:0.999999999999
0
1 4131:0.999776818025
0
0
0
0
0
0
0
0
6 206:1.0 1537:0.999999999925 3299:0.999999999885 3291:0.99999999649 3665:0.999999984848 2234:0.999906705741
0
0
0
1 2758:0.999996229079
0
0
2 4011:0.999999999926 4172:0.999857398669
0
0
0
0
0
0
0
1 2058:0.999996724705
0
0
0
0
1 2023:1.0
0
0
0
0
0
0
0
0
0
0
0
0
2 3476:0.999999998734 880:0.999999926161
0
0
0
0
0
0
0
0
0
0
0
0
0
2 674:1.0 1426:0.999999999957
0
0
0
0
0
0
0
0
2 1088:0.999999782602 3965:0.999886865343
0
0
0
0
0
0
0
0
0
0
0
0
0
0
0
0
0
2 1934:0.999999999999 1957:0.997213896918
0
0
0
0
0
0
0
0
0
6 2084:1.0 505:1.0 2207:0.999999999998 1078:0.999999999687 4048:0.999999995005 2585:0.99999998451
1 3643:0.999999999996
0
0
0
3 2872:0.99999999928 3817:0.999991916916 2792:0.999991674221
0
0
0
0
0
0
0
0
0
0
1 4222:0.99995669588
0
24 1427:1.0 4371:0.999999999997 101:0.999999999989 3123:0.999999997062 3101:0.999999958114 3967:0.999999935277 3857:0.99999980645 3265:0.999999448685 2295:0.999998534724 102:0.999997439119 2558:0.999997026071 674:0.999996905851 2582:0.999989596138 1964:0.999900054057 3412:0.999893607226 1104:0.999728078859 1856:0.999625553994 2952:0.999459140192 1173:0.998876042388 544:0.997949542226 352:0.996979842363 4365:0.988815360215 971:0.98853041587 4007:0.986386588636
0
2 4010:1.0 1597:0.999999999999
0
0
0
0
0
0
0
0
0
0
1 329:0.999706339537
0
0
0
0
0
0
0
0
0
0
0
0
0
0
0
0
0
0
0
0
1 2810:1.0
0
0
0
0
0
0
0
0
1 2049:0.999999225144
0
1 782:0.999977717734
0
0
0
0
1 3045:0.999999977801
0
0
0
0
0
0
0
0
0
0
0
0
0
0
0
0
1 2812:0.99999995787
0
10 429:1.0 2267:1.0 1267:0.999999999999 4147:0.999999999727 2940:0.999999904388 2395:0.999999257784 4473:0.999998009541 45:0.999955254701 115:0.99983124725 4131:0.99958761401
0
0
0
0
2 2091:1.0 951:0.999999999999
0
0
0
0
0
0
1 2495:0.999999999153
0
1 498:0.999999991214
0
0
0
0
0
0
0
0
0
0
0
0
0
0
0
3 2755:0.999999999821 1891:0.999999999493 2367:0.999894652411
0
1 517:0.999999999996
0
0
0
1 232:0.999999986506
0
0
0
0
0
0
0
0
0
0
0
0
0
0
0
0
2 478:0.999999999996 4003:0.999999997149
0
0
0
0
0
0
0
0
0
0
0
0
0
0
0
0
2 3180:0.999999999982 4370:0.999999602852
0
1 1913:1.0
0
0
0
0
0
0
0
0
0
0
0
1 2249:1.0
0
0
0
0
0
0
0
0
0
0
0
0
0
0
0
1 4028:0.999994145834
0
0
0
0
0
0
0
0
0
0
0
0
0
0
0
0
0
0
1 2491:1.0
0
5 3049:1.0 2522:1.0 2918:0.999999999936 3671:0.999999979261 309:0.999999756753
2 3825:1.0 1162:0.999998019648
0
0
0
0
0
0
0
0
0
0
0
0
3 2194:1.0 2902:0.999989947374 3729:0.99982390624
0
0
0
1 1091:0.999999994723
0
0
0
1 3281:0.99993938671
0
0
0
0
0
0
3 1988:0.999999999757 1253:0.999999995761 4481:0.996752135413
0
0
0
0
2 682:0.999999999999 891:0.999784277961
0
0
0
0
0
0
0
0
0
0
0
0
0
0
0
0
3 4358:1.0 2343:0.999999999999 2876:0.999999920114
0
0
0
0
0
0
7 868:1.0 937:1.0 2547:0.999999999735 2120:0.999999969304 3013:0.999999916765 1338:0.999999740364 3935:0.999999512687
0
0
2 2562:0.999999999299 1627:0.999999824108
0
0
0
0
0
0
0
0
0
0
0
1 2104:0.999874099294
0
1 449:0.999999523654
0
0
0
1 406:0.998597042091
0
0
0
0
0
0
0
0
3 2022:1.0 944:0.999999774676 271:0.999389537944
0
0
0
15 881:1.0 4149:1.0 369:1.0 2674:0.999999999999 4283:0.999999999998 2396:0.999999999992 1292:0.999999999983 1120:0.99999999983 3387:0.999999999763 4124:0.999999986581 326:0.99999978308 749:0.999999455803 4024:0.999997343824 695:0.999675184867 3850:0.999358636916
0
0
1 1635:0.999999998772
0
0
0
0
0
0
0
0
0
0
0
0
0
0
0
0
0
0
0
0
0
0
0
0
0
0
0
0
0
0
0
0
3 2136:1.0 2494:0.999999999975 1934:0.999990401054
0
0
0
0
0
0
0
0
0
0
0
0
0
0
0
0
0
0
0
0
0
0
0
0
0
0
1 2042:0.999999999997
0
0
0
0
0
0
0
0
0
0
0
0
0
0
0
0
1 3351:0.999999071061
2 609:1.0 3003:0.999999999988
0
0
0
0
5 1786:0.99999999999 77:0.999999999092 4346:0.999999985928 4367:0.999999832384 28:0.997749319187
0
0
2 4084:1.0 3394:0.999999999981
0
0
0
0
0
0
0
0
0
1 2666:0.999999994527
0
0
0
0
1 1678:0.999999893337
0
0
0
0
0
0
3 4278:0.999999999996 2698:0.999999990832 3887:0.999999662059
0
0
0
0
0
0
0
0
0
0
0
1 2281:0.999993080948
0
0
1 2086:0.999999214471
0
0
0
0
0
0
0
0
0
0
0
3 3224:0.999999998018 3406:0.999999953714 3988:0.999999840795
0
0
0
0
0
0
0
0
0
0
4 838:1.0 1678:1.0 2810:0.999999996651 2114:0.999999493532
0
1 864:0.999995594713
0
0
0
0
0
0
0
0
0
0
0
0
0
0
0
0
0
0
8 1565:1.0 1858:1.0 3092:0.999999999853 2256:0.999999916577 2318:0.999999568626 4476:0.999998823107 4266:0.999998206737 3299:0.999994785353
0
0
9 501:1.0 2522:1.0 2814:1.0 4366:0.999999997079 3335:0.999999994386 1875:0.999999839605 3675:0.999999748629 3140:0.999998473904 3952:0.999996899256
0
0
0
0
0
0
0
0
0
0
0
0
0
1 53:1.0
0
0
0
0
0
0
0
0
0
0
0
0
0
2 3170:1.0 2653:0.999870898565
0
0
0
0
0
0
0
0
1 1462:0.999999996277
0
0
0
0
0
0
0
9 4474:1.0 1548:1.0 4438:1.0 1639:0.999999999994 1640:0.999999999954 107:0.999999997497 160:0.999999984772 1587:0.999999920626 139:0.999896258417
0
0
0
1 1597:1.0
0
0
0
0
0
0
0
0
0
0
0
0
0
4 3872:1.0 4426:0.999999999965 1253:0.999982666909 3602:0.999332278993
0
1 1735:0.999995474017
0
0
0
0
1 1360:0.999967580151
0
0
0
0
0
0
1 2131:0.999998130794
0
0
1 3634:0.999999847301
0
0
0
0
0
2 227:1.0 3013:0.999995582219
0
0
0
0
0
0
0
0
0
0
0
0
4 1468:0.999999695308 2616:0.999420449641 3941:0.99829700075 510:0.994665336179
0
0
0
0
0
0
0
1 2186:0.999999894502
0
0
0
0
0
0
0
0
0
0
0
0
1 4263:0.999999990121
0
0
1 4248:0.996427483914
0
2 614:1.0 1105:0.999833762038
0
0
0
0
0
0
0
0
0
0
0
8 3973:1.0 1879:1.0 1162:1.0 2058:1.0 2497:0.999999999993 3511:0.999999999785 2940:0.999997799725 891:0.99999630999
0
1 2766:0.999989211456
0
0
0
0
0
0
0
5 3952:1.0 1000:0.999999999997 1081:0.999999994776 4200:0.999984064271 2356:0.999930989995
0
0
0
0
0
4 191:1.0 12:0.999999999993 2750:0.999113929548 1193:0.998229274268
3 2745:0.998719099203 3759:0.997116150888 28:0.991348617501
0
0
0
0
1 3009:1.0
2 3091:0.999999999587 1666:0.998581920542
0
0
0
0
1 3891:0.99999988451
0
0
1 4112:0.999999953366
0
0
3 3410:0.999055579343 1872:0.998736080593 1707:0.983276366293
4 1167:1.0 3447:1.0 887:0.999999993019 2636:0.999999986902
0
0
0
0
0
0
1 4228:0.999995092139
0
0
0
0
0
0
0
0
2 681:0.999999999992 2549:0.999999671394
0
0
1 928:0.999999999999
0
0
0
0
0
0
0
0
0
0
0
0
0
0
0
0
0
0
0
0
0
0
0
1 478:0.999999996334
0
0
0
0
0
5 3297:1.0 2677:0.999999999998 404:0.999999988197 4186:0.999978484708 700:0.999924876196
0
0
0
0
0
0
0
0
0
0
0
0
0
0
0
0
0
0
0
0
0
0
0
0
0
0
0
0
0
0
0
0
7 4273:1.0 1335:1.0 614:1.0 3061:0.999999999997 742:0.999999999993 2181:0.999999999933 3257:0.999999676277
0
0
0
0
0
0
0
3 422:0.999999999902 385:0.999963307904 309:0.999696450772
0
0
0
0
0
0
0
0
0
1 1162:0.99999978719
0
5 2401:0.99999999999 3227:0.99999999996 3167:0.999977006911 2475:0.99983143612 2051:0.998017735301
0
1 794:0.999999802933
1 4061:0.999999994296
0
0
0
0
0
0
0
0
0
0
5 736:1.0 2504:0.999999999999 3827:0.999999999504 717:0.999999856162 1964:0.991310572235
0
0
0
0
0
1 3306:0.999999394018
0
0
0
0
0
0
0
0
0
0
0
0
0
0
0
0
0
0
0
0
0
0
0
0
0
0
0
0
0
0
0
0
8 71:1.0 3206:1.0 2451:1.0 337:0.999999999998 100:0.999999566331 688:0.999998910192 1557:0.999943275273 4027:0.999907116894
0
0
0
0
0
0
0
0
0
0
0
0
0
0
0
0
0
6 3277:1.0 4277:1.0 3018:1.0 406:0.999999999977 3807:0.999999982807 2578:0.999981932968
0
0
0
0
0
0
0
0
0
0
0
0
0
0
0
0
0
0
3 559:0.999999999991 4080:0.999999996248 4033:0.999495785861
0
0
6 1072:0.999999999986 2104:0.999999999367 257:0.999999999106 4348:0.999999976154 3664:0.99999996437 2688:0.999999225477
0
0
0
2 1943:0.9999923336 1597:0.999759678775
0
0
0
0
0
0
0
0
1 4131:0.999776818025
0
0
0
0
0
0
0
0
0
0
0
0
0
0
0
0
0
0
0
0
0
0
0
0
0
0
0
0
3 860:1.0 3659:1.0 4114:0.999999949664
1 2526:0.999745923717
0
0
0
1 530:1.0
0
0
0
0
0
0
0
1 1718:0.999999999999
0
0
0
0
1 150:0.999999995843
0
0
0
0
0
0
0
0
0
0
1 2109:0.999989058312
0
0
3 1950:0.999886899126 2082:0.999596864992 2318:0.998102061255
0
0
0
0
0
0
0
1 1559:0.999476208944
0
0
0
0
0
0
0
0
0
0
0
0
0
0
0
0
0
0
0
0
0
0
0
0
0
0
0
0
1 2135:0.999999997427
1 968:1.0
0
0
0
0
0
0
6 204:1.0 2986:1.0 4412:1.0 2566:0.999999999989 1470:0.999999999972 1652:0.999995209872
0
0
0
0
6 3472:1.0 387:1.0 227:0.999999999978 4228:0.999983152252 209:0.99979419465 3563:0.9962294948
0
0
0
0
0
0
0
1 414:0.999999812993
0
0
0
0
0
0
0
0
0
0
0
0
2 819:1.0 687:0.99999719082
1 3289:0.999996868548
0
0
0
0
0
0
0
0
0
0
0
0
0
0
0
0
0
0
0
0
0
0
0
0
0
0
0
0
0
0
0
0
0
0
0
0
0
0
0
0
0
0
0
0
0
0
0
0
0
0
0
0
0
0
0
0
0
0
0
0
0
0
0
0
0
0
0
0
0
0
0
0
0
0
0
0
0
0
0
0
0
0
0
0
0
0
0
