0
0
0
0
0
0
0
0
0
0
0
0
0
0
0
0
0
0
0
0
2 329 4349
2 1733 3594
6 251 1522 2316 2597 3084 3727
0
0
0
0
0
1 441
0
0
0
0
4 775 879 2229 2302
0
0
0
0
0
0
0
0
0
0
0
0
0
15 45 435 808 809 1535 1949 2039 2224 2571 2633 2891 3291 3973 4309 4343
0
0
0
0
1 2276
0
0
0
0
0
0
0
0
0
0
0
3 935 2496 4075
0
0
0
0
0
0
0
0
0
0
0
0
0
0
1 3756
0
3 1207 1915 2425
0
0
5 129 1008 1824 3338 3916
0
0
0
0
0
0
1 1174
1 826
0
0
0
0
0
0
0
0
0
4 1192 1193 2254 4050
0
0
0
0
0
1 674
0
0
0
0
0
2 1722 3982
0
0
0
0
0
0
0
0
0
0
0
0
0
0
2 486 1803
0
0
2 250 1356
0
0
0
0
0
0
0
0
0
0
0
0
0
0
1 4119
0
0
0
0
0
2 2231 2608
0
0
0
0
0
4 571 1126 1448 4441
0
0
0
0
0
0
0
2 2202 2405
0
0
0
0
1 683
0
0
0
0
0
0
1 2382
0
0
0
0
0
0
0
0
0
0
0
0
0
0
0
0
0
0
0
1 782
0
0
0
0
0
1 2235
1 4043
0
0
0
0
0
0
0
0
0
0
1 3269
0
0
0
0
0
0
0
0
0
0
0
0
0
0
0
0
0
0
0
3 53 616 2300
0
0
0
0
0
0
0
0
0
0
2 344 3840
0
0
0
0
0
0
0
0
0
0
0
0
0
0
0
0
0
0
0
0
0
0
0
0
0
2 2059 3609
0
0
1 1974
0
0
0
0
0
0
0
0
0
0
0
0
0
0
0
0
0
0
0
1 3219
0
0
0
0
0
0
0
0
0
0
1 1807
0
1 3119
0
30 58 297 389 571 592 647 1172 1176 1293 1301 1390 1435 1648 1782 1872 2007 2110 2157 2196 2236 2401 2621 2695 2785 2958 2971 3546 4037 4173 4338
0
0
3 592 861 2283
0
1 1205
2 1639 2742
8 73 75 385 1345 2047 2102 3292 4373
0
0
0
0
0
1 2041
0
0
0
0
0
1 1900
0
1 4131
0
0
0
0
0
0
0
0
6 206 1537 2234 3291 3299 3665
0
0
0
1 2758
0
0
2 4011 4172
0
0
0
0
0
0
0
1 2058
0
0
0
0
1 2023
0
0
0
0
0
0
0
0
0
0
0
0
2 880 3476
0
0
0
0
0
0
0
0
0
0
0
0
0
2 674 1426
0
0
0
0
0
0
0
0
2 1088 3965
0
0
0
0
0
0
0
0
0
0
0
0
0
0
0
0
0
2 1934 1957
0
0
0
0
0
0
0
0
0
6 505 1078 2084 2207 2585 4048
1 3643
0
0
0
3 2792 2872 3817
0
0
0
0
0
0
0
0
0
0
1 4222
0
24 101 102 352 544 674 971 1104 1173 1427 1856 1964 2295 2558 2582 2952 3101 3123 3265 3412 3857 3967 4007 4365 4371
0
2 1597 4010
0
0
0
0
0
0
0
0
0
0
1 329
0
0
0
0
0
0
0
0
0
0
0
0
0
0
0
0
0
0
0
0
1 2810
0
0
0
0
0
0
0
0
1 2049
0
1 782
0
0
0
0
1 3045
0
0
0
0
0
0
0
0
0
0
0
0
0
0
0
0
1 2812
0
10 45 115 429 1267 2267 2395 2940 4131 4147 4473
0
0
0
0
2 951 2091
0
0
0
0
0
0
1 2495
0
1 498
0
0
0
0
0
0
0
0
0
0
0
0
0
0
0
3 1891 2367 2755
0
1 517
0
0
0
1 232
0
0
0
0
0
0
0
0
0
0
0
0
0
0
0
0
2 478 4003
0
0
0
0
0
0
0
0
0
0
0
0
0
0
0
0
2 3180 4370
0
1 1913
0
0
0
0
0
0
0
0
0
0
0
1 2249
0
0
0
0
0
0
0
0
0
0
0
0
0
0
0
1 4028
0
0
0
0
0
0
0
0
0
0
0
0
0
0
0
0
0
0
1 2491
0
5 309 2522 2918 3049 3671
2 1162 3825
0
0
0
0
0
0
0
0
0
0
0
0
3 2194 2902 3729
0
0
0
1 1091
0
0
0
1 3281
0
0
0
0
0
0
3 1253 1988 4481
0
0
0
0
2 682 891
0
0
0
0
0
0
0
0
0
0
0
0
0
0
0
0
3 2343 2876 4358
0
0
0
0
0
0
7 868 937 1338 2120 2547 3013 3935
0
0
2 1627 2562
0
0
0
0
0
0
0
0
0
0
0
1 2104
0
1 449
0
0
0
1 406
0
0
0
0
0
0
0
0
3 271 944 2022
0
0
0
15 326 369 695 749 881 1120 1292 2396 2674 3387 3850 4024 4124 4149 4283
0
0
1 1635
0
0
0
0
0
0
0
0
0
0
0
0
0
0
0
0
0
0
0
0
0
0
0
0
0
0
0
0
0
0
0
0
3 1934 2136 2494
0
0
0
0
0
0
0
0
0
0
0
0
0
0
0
0
0
0
0
0
0
0
0
0
0
0
1 2042
0
0
0
0
0
0
0
0
0
0
0
0
0
0
0
0
1 3351
2 609 3003
0
0
0
0
5 28 77 1786 4346 4367
0
0
2 3394 4084
0
0
0
0
0
0
0
0
0
1 2666
0
0
0
0
1 1678
0
0
0
0
0
0
3 2698 3887 4278
0
0
0
0
0
0
0
0
0
0
0
1 2281
0
0
1 2086
0
0
0
0
0
0
0
0
0
0
0
3 3224 3406 3988
0
0
0
0
0
0
0
0
0
0
4 838 1678 2114 2810
0
1 864
0
0
0
0
0
0
0
0
0
0
0
0
0
0
0
0
0
0
8 1565 1858 2256 2318 3092 3299 4266 4476
0
0
9 501 1875 2522 2814 3140 3335 3675 3952 4366
0
0
0
0
0
0
0
0
0
0
0
0
0
1 53
0
0
0
0
0
0
0
0
0
0
0
0
0
2 2653 3170
0
0
0
0
0
0
0
0
1 1462
0
0
0
0
0
0
0
9 107 139 160 1548 1587 1639 1640 4438 4474
0
0
0
1 1597
0
0
0
0
0
0
0
0
0
0
0
0
0
4 1253 3602 3872 4426
0
1 1735
0
0
0
0
1 1360
0
0
0
0
0
0
1 2131
0
0
1 3634
0
0
0
0
0
2 227 3013
0
0
0
0
0
0
0
0
0
0
0
0
4 510 1468 2616 3941
0
0
0
0
0
0
0
1 2186
0
0
0
0
0
0
0
0
0
0
0
0
1 4263
0
0
1 4248
0
2 614 1105
0
0
0
0
0
0
0
0
0
0
0
8 891 1162 1879 2058 2497 2940 3511 3973
0
1 2766
0
0
0
0
0
0
0
5 1000 1081 2356 3952 4200
0
0
0
0
0
4 12 191 1193 2750
3 28 2745 3759
0
0
0
0
1 3009
2 1666 3091
0
0
0
0
1 3891
0
0
1 4112
0
0
3 1707 1872 3410
4 887 1167 2636 3447
0
0
0
0
0
0
1 4228
0
0
0
0
0
0
0
0
2 681 2549
0
0
1 928
0
0
0
0
0
0
0
0
0
0
0
0
0
0
0
0
0
0
0
0
0
0
0
1 478
0
0
0
0
0
5 404 700 2677 3297 4186
0
0
0
0
0
0
0
0
0
0
0
0
0
0
0
0
0
0
0
0
0
0
0
0
0
0
0
0
0
0
0
0
7 614 742 1335 2181 3061 3257 4273
0
0
0
0
0
0
0
3 309 385 422
0
0
0
0
0
0
0
0
0
1 1162
0
5 2051 2401 2475 3167 3227
0
1 794
1 4061
0
0
0
0
0
0
0
0
0
0
5 717 736 1964 2504 3827
0
0
0
0
0
1 3306
0
0
0
0
0
0
0
0
0
0
0
0
0
0
0
0
0
0
0
0
0
0
0
0
0
0
0
0
0
0
0
0
8 71 100 337 688 1557 2451 3206 4027
0
0
0
0
0
0
0
0
0
0
0
0
0
0
0
0
0
6 406 2578 3018 3277 3807 4277
0
0
0
0
0
0
0
0
0
0
0
0
0
0
0
0
0
0
3 559 4033 4080
0
0
6 257 1072 2104 2688 3664 4348
0
0
0
2 1597 1943
0
0
0
0
0
0
0
0
1 4131
0
0
0
0
0
0
0
0
0
0
0
0
0
0
0
0
0
0
0
0
0
0
0
0
0
0
0
0
3 860 3659 4114
1 2526
0
0
0
1 530
0
0
0
0
0
0
0
1 1718
0
0
0
0
1 150
0
0
0
0
0
0
0
0
0
0
1 2109
0
0
3 1950 2082 2318
0
0
0
0
0
0
0
1 1559
0
0
0
0
0
0
0
0
0
0
0
0
0
0
0
0
0
0
0
0
0
0
0
0
0
0
0
0
1 2135
1 968
0
0
0
0
0
0
6 204 1470 1652 2566 2986 4412
0
0
0
0
6 209 227 387 3472 3563 4228
0
0
0
0
0
0
0
1 414
0
0
0
0
0
0
0
0
0
0
0
0
2 687 819
1 3289
0
0
0
0
0
0
0
0
0
0
0
0
0
0
0
0
0
0
0
0
0
0
0
0
0
0
0
0
0
0
0
0
0
0
0
0
0
0
0
0
0
0
0
0
0
0
0
0
0
0
0
0
0
0
0
0
0
0
0
0
0
0
0
0
0
0
0
0
0
0
0
0
0
0
0
0
0
0
0
0
0
0
0
0
0
0
0
