0.0
0.0
0.0
0.0
0.0
0.0
0.0
0.0
0.0
0.0
0.0
0.0
0.006557377049180328
0.0
0.0
0.0
0.0
0.0
0.0
0.0
0.0
0.017985611510791366
0.0
0.0036900369003690036
0.0
0.0
0.003787878787878788
0.0
0.0
0.0038461538461538464
0.0
0.01171875
0.0
0.0
0.003952569169960474
0.0
0.020161290322580645
0.0040650406504065045
0.0
0.0
0.0
0.0
0.0
0.008298755186721992
0.0
0.00423728813559322
0.0
0.01276595744680851
0.0
0.004347826086956522
0.004347826086956522
0.0
0.0
0.004424778761061947
0.0
0.0
0.00909090909090909
0.0
0.0
0.0
0.009389671361502348
0.0
0.0
0.0
0.0
0.0
0.0
0.0
0.0
0.0
0.0
0.0
0.024154589371980676
0.0
0.0
0.004878048780487805
0.0
0.014778325123152709
0.0
0.0
0.0
0.024875621890547265
0.005025125628140704
0.005050505050505051
0.0
0.0
0.0
0.0
0.0
0.0
0.0
0.0
0.005263157894736842
0.0
0.0053475935828877
0.0
0.0
0.0
0.0
0.0
0.0
0.0
0.0
0.0
0.0
0.00546448087431694
0.0
0.0
0.0
0.0
0.0
0.0055248618784530384
0.0
0.0
0.0
0.0
0.0
0.0
0.0
0.0
0.0
0.0
0.0
0.02824858757062147
0.01694915254237288
0.0
0.0
0.0
0.0
0.0
0.0
0.0
0.0
0.011764705882352941
0.0
0.0
0.0
0.0
0.023952095808383235
0.005988023952095809
0.0
0.030120481927710843
0.0
0.0
0.0
0.0
0.030303030303030304
0.024390243902439025
0.0
0.0
0.0
0.0
0.006211180124223602
0.0
0.0
0.0
0.0
0.0
0.0
0.0
0.0
0.0
0.0
0.006493506493506494
0.012987012987012988
0.0
0.0
0.03289473684210526
0.0
0.03355704697986577
0.0
0.0
0.006756756756756757
0.0
0.006802721088435374
0.006802721088435374
0.0
0.006802721088435374
0.03424657534246575
0.0
0.006896551724137931
0.013888888888888888
0.0
0.03496503496503497
0.0
0.035211267605633804
0.0
0.028169014084507043
0.0070921985815602835
0.02127659574468085
0.014285714285714285
0.0
0.0
0.0
0.0
0.0
0.014492753623188406
0.0
0.0
0.0
0.0
0.0
0.0
0.0
0.0
0.0
0.0
0.0
0.0
0.0
0.0
0.0
0.0
0.0
0.0
0.0
0.0
0.0
0.0
0.0
0.0
0.0
0.0
0.0
0.0
0.0
0.0
0.0
0.0
0.0
0.0
0.0
0.0
0.0
0.0
0.0
0.0
0.014705882352941176
0.007352941176470588
0.007352941176470588
0.0
0.0
0.007407407407407408
0.0
0.0
0.0
0.0
0.0
0.0
0.0
0.030534351145038167
0.0
0.0
0.0
0.0
0.0078125
0.0
0.0
0.0
0.0078125
0.0
0.0
0.0
0.007874015748031496
0.015748031496062992
0.0
0.023809523809523808
0.0
0.015873015873015872
0.0
0.0
0.008
0.0
0.0
0.0
0.0
0.008064516129032258
0.0
0.0
0.008130081300813009
0.0
0.0
0.0
0.0
0.0
0.016666666666666666
0.0
0.0
0.0
0.0
0.0
0.0
0.00847457627118644
0.008547008547008548
0.008547008547008548
0.0
0.0
0.0
0.0
0.0
0.0
0.0
0.0
0.0
0.0
0.0
0.0
0.0
0.0
0.0
0.008695652173913044
0.0
0.0
0.0
0.0
0.0
0.0
0.0
0.017699115044247787
0.0
0.0
0.0
0.0
0.0
0.0
0.0
0.0
0.0
0.0
0.0
0.009009009009009009
0.0
0.0
0.0
0.045454545454545456
0.0
0.0
0.045871559633027525
0.0
0.0
0.0
0.0
0.0
0.0
0.0
0.0
0.009259259259259259
0.0
0.0
0.0
0.0
0.0
0.018867924528301886
0.0
0.009433962264150943
0.009523809523809525
0.0
0.009523809523809525
0.0
0.0
0.0
0.009615384615384616
0.0
0.0
0.0
0.0
0.0
0.0
0.02912621359223301
0.02912621359223301
0.0
0.0
0.0
0.039603960396039604
0.0
0.0
0.0
0.0
0.019801980198019802
0.0
0.0
0.0
0.0
0.0
0.0
0.0
0.0
0.0
0.0
0.010101010101010102
0.0
0.010101010101010102
0.0
0.0
0.0
0.0
0.030612244897959183
0.0
0.0
0.0
0.0
0.0
0.0
0.01020408163265306
0.0
0.0
0.0
0.010309278350515464
0.05154639175257732
0.0
0.0
0.0
0.03125
0.0
0.0
0.010416666666666666
0.0
0.0
0.0
0.0
0.0
0.0
0.0
0.0
0.0
0.0
0.0
0.0
0.0
0.0
0.0
0.0
0.0
0.010638297872340425
0.010638297872340425
0.0
0.0
0.0
0.0
0.010752688172043012
0.010752688172043012
0.0
0.0
0.0
0.0
0.0
0.0
0.0
0.0
0.0
0.0
0.0
0.0
0.0
0.021739130434782608
0.0
0.0
0.0
0.01098901098901099
0.0
0.0
0.01098901098901099
0.0
0.0
0.0
0.0
0.022222222222222223
0.0
0.0
0.0
0.0
0.0
0.0
0.0449438202247191
0.011235955056179775
0.0
0.0
0.0
0.0
0.0
0.0
0.0
0.0
0.022727272727272728
0.0
0.0
0.0
0.0
0.0
0.0
0.0
0.0
0.0
0.0
0.0
0.011494252873563218
0.0
0.011494252873563218
0.011494252873563218
0.0
0.0
0.011627906976744186
0.011627906976744186
0.0
0.0
0.0
0.0
0.0
0.0
0.0
0.0
0.0
0.0
0.0
0.0
0.0
0.0
0.0
0.047619047619047616
0.0
0.0
0.0
0.0
0.03571428571428571
0.0
0.023809523809523808
0.023809523809523808
0.0
0.0
0.0
0.0
0.0
0.0
0.0
0.012048192771084338
0.0
0.0
0.024390243902439025
0.0
0.0
0.0
0.012195121951219513
0.012345679012345678
0.0
0.024691358024691357
0.0
0.0
0.0
0.0
0.0
0.0
0.04938271604938271
0.012345679012345678
0.0
0.0
0.0
0.0375
0.0
0.0
0.0
0.0
0.0
0.025
0.0
0.0
0.0
0.0
0.0
0.0375
0.0
0.06329113924050633
0.0
0.0
0.02531645569620253
0.0379746835443038
0.0
0.0
0.0
0.0
0.02564102564102564
0.02564102564102564
0.01282051282051282
0.0
0.0
0.0
0.012987012987012988
0.0
0.0
0.0
0.0
0.0
0.012987012987012988
0.0
0.0
0.0
0.0
0.0
0.0
0.0
0.0
0.0
0.0
0.0
0.0
0.0
0.0
0.0
0.0
0.013333333333333334
0.0
0.013333333333333334
0.013333333333333334
0.0
0.0
0.0
0.0
0.0
0.013513513513513514
0.0
0.0
0.0
0.0
0.013513513513513514
0.02702702702702703
0.0
0.0
0.0
0.0
0.02702702702702703
0.0
0.0
0.0
0.0
0.0
0.0
0.0
0.0
0.0
0.0
0.0
0.0
0.0
0.0
0.0273972602739726
0.0
0.0
0.0
0.0
0.0
0.0
0.0136986301369863
0.0
0.0
0.0
0.0
0.0
0.013888888888888888
0.0
0.0
0.0
0.027777777777777776
0.0
0.027777777777777776
0.0
0.0
0.0
0.0
0.0
0.0
0.0
0.04225352112676056
0.0
0.0
0.04225352112676056
0.0
0.0
0.0
0.014084507042253521
0.0
0.0
0.0
0.0
0.0
0.014285714285714285
0.0
0.014285714285714285
0.0
0.0
0.014285714285714285
0.0
0.014285714285714285
0.0
0.0
0.0
0.0
0.0
0.0
0.014492753623188406
0.0
0.0
0.0
0.0
0.0
0.0
0.0
0.0
0.014705882352941176
0.0
0.0
0.0
0.0
0.0
0.0
0.0
0.0
0.0
0.0
0.014925373134328358
0.0
0.0
0.04477611940298507
0.0
0.0
0.0
0.0
0.0
0.0
0.0
0.0
0.0
0.0
0.015151515151515152
0.0
0.0
0.0
0.0
0.0
0.0
0.046153846153846156
0.0
0.0
0.0
0.0
0.0
0.0
0.0
0.0
0.046875
0.0
0.0
0.015625
0.0
0.015625
0.0
0.0
0.0
0.03125
0.0
0.0
0.0
0.0
0.0
0.0
0.0
0.0
0.0
0.0
0.0
0.047619047619047616
0.031746031746031744
0.0
0.0
0.015873015873015872
0.0
0.0
0.0
0.0
0.0
0.0
0.0
0.0
0.0
0.0
0.0
0.0
0.0
0.0
0.0
0.016129032258064516
0.06451612903225806
0.0
0.0
0.0
0.0
0.0
0.0
0.0
0.0
0.0
0.0
0.0
0.0
0.0
0.0
0.0
0.0
0.0
0.0
0.0
0.0
0.0
0.0
0.0
0.01639344262295082
0.0
0.01639344262295082
0.0
0.0
0.04918032786885246
0.0
0.0
0.0
0.0
0.0
0.0
0.0
0.01639344262295082
0.0
0.0
0.0
0.0
0.0
0.0
0.0
0.016666666666666666
0.0
0.0
0.0
0.0
0.016666666666666666
0.0
0.0
0.0
0.0
0.0
0.0
0.0
0.01694915254237288
0.0
0.0
0.0
0.0
0.0
0.0
0.0
0.0
0.0
0.0
0.0
0.0
0.0
0.017241379310344827
0.0
0.0
0.0
0.017241379310344827
0.0
0.0
0.017241379310344827
0.0
0.0
0.017241379310344827
0.0
0.0
0.0
0.0
0.0
0.017543859649122806
0.017543859649122806
0.017543859649122806
0.03508771929824561
0.0
0.0
0.0
0.0
0.0
0.0
0.0
0.0
0.0
0.0
0.0
0.0
0.017543859649122806
0.0
0.017543859649122806
0.0
0.0
0.017543859649122806
0.0
0.03508771929824561
0.0
0.0
0.0
0.0
0.0
0.0
0.0
0.03571428571428571
0.0
0.0
0.0
0.0
0.0
0.017857142857142856
0.0
0.0
0.0
0.0
0.0
0.017857142857142856
0.0
0.0
0.0
0.0
0.0
0.0
0.0
0.01818181818181818
0.0
0.0
0.0
0.0
0.0
0.0
0.0
0.0
0.0
0.01818181818181818
0.0
0.0
0.0
0.018518518518518517
0.0
0.0
0.0
0.018518518518518517
0.0
0.0
0.0
0.0
0.0
0.0
0.0
0.0
0.0
0.0
0.0
0.0
0.018518518518518517
0.0
0.0
0.0
0.018867924528301886
0.03773584905660377
0.0
0.0
0.0
0.0
0.0
0.0
0.0
0.0
0.0
0.0
0.0
0.0
0.0
0.0
0.0
0.018867924528301886
0.0
0.019230769230769232
0.0
0.0
0.0
0.0
0.0
0.0
0.0
0.0
0.0
0.038461538461538464
0.057692307692307696
0.019230769230769232
0.0
0.0
0.0
0.0196078431372549
0.0392156862745098
0.0
0.0
0.0
0.0
0.0
0.0
0.0
0.0
0.0
0.0392156862745098
0.0
0.0
0.0392156862745098
0.0
0.0
0.0
0.0
0.0196078431372549
0.0
0.0
0.0392156862745098
0.0
0.0
0.0
0.0
0.0196078431372549
0.0
0.04
0.0
0.02
0.0
0.0
0.0
0.0
0.0
0.04
0.0
0.02
0.0
0.0
0.0
0.0
0.02
0.0
0.0
0.0
0.0
0.0
0.0
0.0
0.02
0.02
0.0
0.0
0.0
0.0
0.0
0.0
0.0
0.0
0.0
0.02
0.0
0.0
0.0
0.0
0.0
0.0
0.061224489795918366
0.0
0.0
0.02040816326530612
0.0
0.0
0.02040816326530612
0.0
0.0
0.0
0.0
0.0
0.0
0.0
0.0
0.0
0.0
0.0
0.0
0.0
0.061224489795918366
0.0
0.0
0.0
0.020833333333333332
0.0
0.0
0.08333333333333333
0.020833333333333332
0.020833333333333332
0.0
0.020833333333333332
0.0
0.0
0.0
0.0
0.0
0.0
0.020833333333333332
0.020833333333333332
0.0
0.0
0.020833333333333332
0.041666666666666664
0.041666666666666664
0.0
0.0
0.020833333333333332
0.0
0.0
0.0
0.0
0.0
0.0
0.0625
0.0
0.0
0.0
0.0
0.0
0.0
0.0
0.0
0.0
0.02127659574468085
0.0
0.0
0.0
0.0
0.0
0.0
0.0
0.0
0.0
0.02127659574468085
0.0
0.0
0.0
0.0
0.0
0.0
0.02127659574468085
0.0
0.02127659574468085
0.0
0.0
0.0
0.0425531914893617
0.0
0.02127659574468085
0.0
0.0
0.0
0.0
0.0
0.0
0.0
0.0
0.0
0.02127659574468085
0.0
0.0
0.0
0.0
0.0
0.0
0.0
0.0
0.0
0.0
0.0
0.0
0.0
0.021739130434782608
0.0
0.0
0.0
0.021739130434782608
0.0
0.08695652173913043
0.0
0.0
0.0
0.043478260869565216
0.0
0.0
0.0
0.021739130434782608
0.0
0.0
0.0
0.043478260869565216
0.0
0.0
0.0
0.0
0.0
0.0
0.022222222222222223
0.0
0.0
0.0
0.0
0.0
0.0
0.0
0.0
0.0
0.0
0.0
0.022222222222222223
0.0
0.0
0.0
0.0
0.0
0.0
0.0
0.0
0.0
0.0
0.0
0.0
0.0
0.0
0.0
0.0
0.0
0.045454545454545456
0.022727272727272728
0.0
0.0
0.0
0.0
0.0
0.022727272727272728
0.0
0.0
0.0
0.022727272727272728
0.0
0.0
0.0
0.0
0.0
0.0
0.0
0.0
0.0
0.0
0.0
0.0
0.0
0.023255813953488372
0.0
0.046511627906976744
0.0
0.0
0.0
0.0
0.0
0.0
0.0
0.0
0.0
0.0
0.046511627906976744
0.0
0.0
0.0
0.0
0.0
0.0
0.0
0.0
0.0
0.0
0.0
0.0
0.023255813953488372
0.0
0.0
0.023255813953488372
0.0
0.023255813953488372
0.023255813953488372
0.0
0.0
0.0
0.023255813953488372
0.0
0.0
0.0
0.0
0.0
0.0
0.0
0.047619047619047616
0.0
0.0
0.0
0.0
0.023809523809523808
0.0
0.0
0.0
0.0
0.0
0.023809523809523808
0.0
0.0
0.0
0.0
0.0
0.0
0.023809523809523808
0.0
0.0
0.023809523809523808
0.0
0.0
0.0
0.0
0.0
0.0
0.024390243902439025
0.0
0.0
0.0
0.0
0.0
0.0
0.0
0.0
0.0
0.0
0.0
0.0
0.0
0.0
0.0
0.0
0.0
0.0
0.024390243902439025
0.0
0.0
0.04878048780487805
0.024390243902439025
0.0
0.0
0.0
0.0
0.0
0.0
0.04878048780487805
0.024390243902439025
0.0
0.0
0.0
0.0
0.0
0.04878048780487805
0.0
0.0
0.0
0.024390243902439025
0.0
0.0
0.0
0.0
0.0
0.0
0.0
0.0
0.0
0.0
0.0
0.0
0.0
0.0
0.0
0.0
0.0
0.0
0.0
0.0
0.0
0.025
0.0
0.025
0.0
0.0
0.0
0.0
0.0
0.0
0.0
0.0
0.0
0.0
0.05128205128205128
0.0
0.05128205128205128
0.0
0.0
0.0
0.0
0.0
0.0
0.0
0.0
0.0
0.0
0.0
0.0
0.0
0.0
0.0
0.0
0.02564102564102564
0.0
0.0
0.05128205128205128
0.0
0.0
0.0
0.0
0.0
0.0
0.0
0.0
0.0
0.0
0.0
0.0
0.0
0.0
0.0
0.0
0.0
0.0
0.0
0.0
0.0
0.0
0.0
0.0
0.0
0.0
0.0
0.0
0.0
0.0
0.05263157894736842
0.0
0.0
0.0
0.0
0.05263157894736842
0.0
0.0
0.0
0.0
0.0
0.0
0.0
0.0
0.0
0.0
0.0
0.0
0.0
0.02631578947368421
0.02631578947368421
0.0
0.0
0.0
0.0
0.0
0.0
0.0
0.0
0.0
0.0
0.0
0.0
0.0
0.0
0.0
0.0
0.0
0.0
0.0
0.0
0.0
0.0
0.0
0.0
0.0
0.0
0.0
0.0
0.0
0.02702702702702703
0.0
0.0
0.0
0.0
0.0
0.0
0.0
0.0
0.0
0.0
0.0
0.0
0.0
0.0
0.0
0.0
0.0
0.0
0.0
0.0
0.0
0.0
0.0
0.02702702702702703
0.0
0.0
0.0
0.05405405405405406
0.0
0.0
0.0
0.05405405405405406
0.0
0.05405405405405406
0.0
0.0
0.0
0.0
0.0
0.0
0.0
0.0
0.027777777777777776
0.0
0.0
0.0
0.0
0.0
0.0
0.0
0.0
0.0
0.0
0.0
0.0
0.05555555555555555
0.0
0.0
0.0
0.0
0.0
0.027777777777777776
0.0
0.0
0.0
0.0
0.0
0.0
0.0
0.0
0.0
0.0
0.0
0.0
0.0
0.0
0.027777777777777776
0.0
0.0
0.0
0.0
0.0
0.027777777777777776
0.0
0.05555555555555555
0.0
0.0
0.02857142857142857
0.0
0.0
0.0
0.0
0.0
0.0
0.0
0.0
0.02857142857142857
0.0
0.0
0.0
0.0
0.0
0.0
0.0
0.0
0.0
0.0
0.0
0.0
0.0
0.0
0.0
0.0
0.0
0.05714285714285714
0.0
0.0
0.0
0.02857142857142857
0.02857142857142857
0.0
0.0
0.0
0.0
0.02857142857142857
0.0
0.0
0.0
0.0
0.0
0.02857142857142857
0.0
0.0
0.0
0.0
0.0
0.08823529411764706
0.0
0.0
0.058823529411764705
0.0
0.0
0.0
0.0
0.0
0.0
0.0
0.0
0.0
0.0
0.0
0.0
0.0
0.0
0.0
0.0
0.0
0.0
0.0
0.0
0.0
0.058823529411764705
0.0
0.0
0.0
0.0
0.0
0.029411764705882353
0.0
0.0
0.0
0.0
0.0
0.0
0.029411764705882353
0.0
0.0
0.0
0.0
0.0
0.029411764705882353
0.0
0.0
0.0
0.0
0.029411764705882353
0.0
0.0
0.0
0.0
0.0
0.058823529411764705
0.0
0.0
0.030303030303030304
0.0
0.0
0.0
0.0
0.0
0.0
0.0
0.0
0.0
0.0
0.0
0.0
0.0
0.0
0.0
0.0
0.0
0.0
0.0
0.0
0.0
0.0
0.0
0.12121212121212122
0.0
0.0
0.0
0.0
0.0
0.030303030303030304
0.0
0.0
0.0
0.0
0.0
0.0
0.0
0.0
0.0
0.0
0.0
0.0
0.0
0.0
0.030303030303030304
0.0
0.0
0.0
0.0
0.0
0.0
0.0
0.0
0.0
0.0
0.0
0.0
0.0
0.0
0.0
0.0
0.0
0.0
0.0
0.0
0.0
0.0
0.0
0.0
0.0
0.0
0.0
0.0
0.0
0.0
0.0
0.03125
0.0
0.0
0.0
0.0
0.0
0.0
0.0
0.0
0.0
0.0
0.0
0.0
0.0
0.0
0.0
0.0
0.0
0.0
0.0
0.0
0.0
0.03125
0.0
0.0
0.0
0.0
0.125
0.0
0.0
0.0
0.0
0.0
0.0
0.0
0.0
0.0
0.0
0.0
0.0
0.0
0.0
0.0
0.0
0.0
0.0
0.0
0.0
0.0
0.0
0.0
0.0
0.0
0.03125
0.0
0.0
0.0
0.0
0.0
0.03225806451612903
0.0
0.0
0.0
0.0
0.0
0.0
0.0
0.0
0.0
0.0
0.0
0.0
0.0
0.0
0.0
0.0
0.0
0.0
0.0
0.0
0.0
0.0
0.0
0.0
0.0
0.0
0.03225806451612903
0.0
0.0
0.0
0.0
0.0
0.0
0.0
0.0
0.0
0.0
0.0
0.0
0.0
0.0
0.0
0.0
0.0
0.0
0.0
0.0
0.0
0.0
0.0
0.0
0.0
0.0
0.0
0.0
0.0
0.0
0.0
0.0
0.0
0.0
0.0
0.0
0.06451612903225806
0.0
0.0
0.0
0.0
0.0
0.0
0.0
0.0
0.0
0.0
0.0
0.0
0.12903225806451613
0.03333333333333333
0.0
0.03333333333333333
0.0
0.0
0.0
0.0
0.0
0.0
0.0
0.0
0.0
0.0
0.0
0.0
0.03333333333333333
0.0
0.03333333333333333
0.0
0.0
0.0
0.0
0.0
0.0
0.0
0.06666666666666667
0.0
0.0
0.0
0.03333333333333333
0.0
0.0
0.0
0.0
0.0
0.0
0.03333333333333333
0.0
0.0
0.0
0.0
0.03333333333333333
0.0
0.0
0.0
0.0
0.0
0.0
0.0
0.0
0.0
0.0
0.0
0.0
0.0
0.0
0.0
0.0
0.0
0.0
0.0
0.0
0.0
0.0
0.0
0.03333333333333333
0.06666666666666667
0.0
0.0
0.03333333333333333
0.0
0.0
0.0
0.0
0.0
0.0
0.0
0.0
0.0
0.03333333333333333
0.0
0.0
0.0
0.0
0.0
0.0
0.0
0.0
0.0
0.0
0.0
0.0
0.034482758620689655
0.0
0.0
0.0
0.0
0.0
0.0
0.0
0.0
0.0
0.034482758620689655
0.0
0.0
0.0
0.0
0.0
0.0
0.0
0.0
0.0
0.0
0.034482758620689655
0.0
0.0
0.0
0.0
0.0
0.0
0.0
0.0
0.0
0.0
0.0
0.0
0.0
0.0
0.0
0.0
0.034482758620689655
0.0
0.0
0.0
0.0
0.0
0.0
0.0
0.0
0.0
0.034482758620689655
0.06896551724137931
0.0
0.0
0.0
0.0
0.0
0.0
0.034482758620689655
0.034482758620689655
0.0
0.0
0.0
0.0
0.034482758620689655
0.0
0.034482758620689655
0.0
0.0
0.0
0.0
0.0
0.0
0.0
0.034482758620689655
0.0
0.0
0.0
0.0
0.0
0.0
0.0
0.0
0.0
0.0
0.0
0.07142857142857142
0.17857142857142858
0.0
0.0
0.0
0.0
0.0
0.0
0.0
0.0
0.0
0.0
0.0
0.0
0.0
0.0
0.0
0.0
0.0
0.0
0.0
0.0
0.0
0.0
0.0
0.0
0.0
0.0
0.03571428571428571
0.0
0.0
0.07142857142857142
0.0
0.0
0.0
0.0
0.0
0.0
0.0
0.0
0.07142857142857142
0.0
0.0
0.0
0.0
0.0
0.0
0.0
0.0
0.0
0.07142857142857142
0.0
0.0
0.0
0.0
0.0
0.0
0.0
0.0
0.0
0.0
0.0
0.0
0.0
0.0
0.0
0.0
0.0
0.0
0.0
0.0
0.0
0.0
0.0
0.0
0.0
0.0
0.0
0.0
0.0
0.037037037037037035
0.0
0.0
0.0
0.0
0.07407407407407407
0.07407407407407407
0.0
0.0
0.14814814814814814
0.07407407407407407
0.0
0.0
0.0
0.0
0.0
0.037037037037037035
0.0
0.0
0.0
0.037037037037037035
0.0
0.037037037037037035
0.0
0.0
0.0
0.0
0.0
0.0
0.0
0.0
0.0
0.0
0.0
0.1111111111111111
0.0
0.0
0.0
0.0
0.0
0.0
0.0
0.0
0.0
0.0
0.0
0.0
0.0
0.0
0.0
0.0
0.0
0.0
0.0
0.0
0.0
0.0
0.0
0.0
0.0
0.0
0.037037037037037035
0.0
0.037037037037037035
0.0
0.0
0.0
0.0
0.0
0.0
0.0
0.0
0.0
0.0
0.0
0.0
0.0
0.0
0.0
0.0
0.0
0.07692307692307693
0.0
0.0
0.0
0.0
0.038461538461538464
0.0
0.0
0.0
0.0
0.0
0.0
0.0
0.0
0.0
0.0
0.0
0.0
0.0
0.0
0.0
0.0
0.0
0.0
0.0
0.0
0.0
0.0
0.038461538461538464
0.0
0.0
0.0
0.0
0.0
0.0
0.0
0.038461538461538464
0.0
0.0
0.0
0.0
0.0
0.0
0.0
0.0
0.0
0.0
0.0
0.0
0.0
0.0
0.0
0.0
0.0
0.0
0.0
0.0
0.0
0.0
0.0
0.0
0.0
0.038461538461538464
0.0
0.0
0.0
0.0
0.0
0.0
0.0
0.0
0.0
0.0
0.038461538461538464
0.0
0.0
0.0
0.0
0.0
0.0
0.0
0.0
0.0
0.0
0.0
0.0
0.0
0.0
0.0
0.0
0.0
0.04
0.0
0.0
0.0
0.0
0.0
0.0
0.08
0.0
0.0
0.0
0.0
0.0
0.0
0.0
0.0
0.0
0.0
0.0
0.0
0.0
0.0
0.0
0.0
0.0
0.12
0.0
0.0
0.0
0.0
0.04
0.0
0.0
0.0
0.0
0.0
0.0
0.0
0.0
0.12
0.08
0.0
0.0
0.0
0.0
0.0
0.0
0.0
0.0
0.0
0.0
0.0
0.0
0.0
0.0
0.04
0.0
0.0
0.0
0.0
0.0
0.0
0.0
0.0
0.0
0.0
0.0
0.0
0.0
0.0
0.0
0.0
0.0
0.0
0.0
0.0
0.0
0.0
0.0
0.0
0.0
0.0
0.0
0.0
0.0
0.0
0.0
0.0
0.0
0.0
0.0
0.04
0.0
0.0
0.0
0.0
0.0
0.04
0.0
0.0
0.0
0.12
0.0
0.0
0.0
0.0
0.0
0.0
0.0
0.0
0.0
0.0
0.0
0.0
0.0
0.0
0.0
0.0
0.0
0.0
0.0
0.041666666666666664
0.0
0.0
0.0
0.0
0.0
0.0
0.0
0.0
0.0
0.0
0.0
0.0
0.0
0.0
0.0
0.0
0.0
0.0
0.0
0.0
0.0
0.0
0.0
0.0
0.0
0.0
0.0
0.041666666666666664
0.0
0.0
0.0
0.0
0.0
0.0
0.0
0.0
0.0
0.0
0.0
0.0
0.0
0.0
0.0
0.0
0.0
0.041666666666666664
0.0
0.0
0.0
0.0
0.0
0.0
0.0
0.0
0.0
0.0
0.0
0.0
0.0
0.0
0.0
0.0
0.0
0.0
0.0
0.0
0.0
0.0
0.0
0.0
0.0
0.0
0.0
0.0
0.0
0.0
0.0
0.0
0.0
0.0
0.0
0.0
0.0
0.0
0.0
0.0
0.0
0.041666666666666664
0.0
0.0
0.0
0.0
0.0
0.0
0.0
0.0
0.0
0.0
0.0
0.0
0.0
0.0
0.0
0.0
0.0
0.0
0.0
0.0
0.0
0.0
0.0
0.0
0.0
0.0
0.0
0.0
0.0
0.0
0.0
0.0
0.0
0.0
0.0
0.0
0.0
0.0
0.0
0.0
0.0
0.0
0.0
0.0
0.0
0.0
0.0
0.0
0.0
0.0
0.0
0.0
0.0
0.0
0.0
0.0
0.0
0.0
0.13043478260869565
0.0
0.08695652173913043
0.0
0.0
0.0
0.0
0.0
0.0
0.0
0.0
0.08695652173913043
0.0
0.0
0.0
0.0
0.0
0.0
0.0
0.0
0.0
0.0
0.0
0.0
0.0
0.0
0.0
0.0
0.0
0.043478260869565216
0.0
0.0
0.0
0.0
0.0
0.0
0.0
0.0
0.0
0.0
0.0
0.0
0.0
0.0
0.0
0.0
0.0
0.0
0.0
0.0
0.0
0.0
0.0
0.0
0.0
0.0
0.0
0.0
0.0
0.0
0.0
0.0
0.0
0.043478260869565216
0.0
0.0
0.0
0.0
0.0
0.0
0.0
0.0
0.0
0.0
0.0
0.0
0.0
0.0
0.0
0.0
0.0
0.0
0.0
0.0
0.0
0.0
0.0
0.0
0.0
0.0
0.09090909090909091
0.0
0.0
0.0
0.0
0.0
0.13636363636363635
0.0
0.0
0.0
0.0
0.0
0.0
0.0
0.0
0.0
0.0
0.0
0.0
0.0
0.0
0.0
0.0
0.0
0.0
0.0
0.0
0.0
0.0
0.0
0.0
0.0
0.0
0.0
0.0
0.0
0.0
0.0
0.0
0.0
0.0
0.0
0.0
0.0
0.045454545454545456
0.0
0.0
0.045454545454545456
0.045454545454545456
0.0
0.0
0.0
0.045454545454545456
0.0
0.0
0.0
0.0
0.0
0.0
0.0
0.0
0.0
0.045454545454545456
0.045454545454545456
0.0
0.0
0.0
0.0
0.0
0.0
0.0
0.0
0.0
0.0
0.0
0.0
0.0
0.0
0.0
0.0
0.0
0.0
0.0
0.0
0.0
0.0
0.0
0.0
0.0
0.0
0.0
0.0
0.045454545454545456
0.0
0.0
0.0
0.0
0.0
0.0
0.0
0.0
0.0
0.0
0.13636363636363635
0.13636363636363635
0.0
0.0
0.045454545454545456
0.0
0.09090909090909091
0.0
0.0
0.0
0.0
0.0
0.0
0.0
0.0
0.0
0.0
0.0
0.0
0.045454545454545456
0.0
0.0
0.0
0.0
0.0
0.0
0.0
0.0
0.0
0.0
0.0
0.0
0.0
0.0
0.0
0.0
0.0
0.0
0.0
0.0
0.0
0.0
0.0
0.0
0.0
0.0
0.0
0.0
0.0
0.0
0.0
0.0
0.0
0.0
0.0
0.0
0.0
0.0
0.0
0.0
0.0
0.0
0.0
0.0
0.0
0.0
0.0
0.0
0.0
0.0
0.0
0.0
0.0
0.0
0.0
0.0
0.0
0.0
0.0
0.0
0.0
0.0
0.0
0.0
0.0
0.0
0.0
0.0
0.0
0.0
0.0
0.047619047619047616
0.0
0.0
0.0
0.0
0.0
0.19047619047619047
0.0
0.0
0.0
0.0
0.0
0.0
0.0
0.0
0.0
0.0
0.0
0.0
0.0
0.0
0.047619047619047616
0.0
0.0
0.0
0.0
0.0
0.0
0.0
0.0
0.047619047619047616
0.0
0.0
0.0
0.0
0.0
0.0
0.047619047619047616
0.0
0.0
0.0
0.0
0.0
0.0
0.0
0.0
0.0
0.047619047619047616
0.0
0.0
0.0
0.0
0.0
0.0
0.0
0.0
0.0
0.0
0.0
0.0
0.0
0.047619047619047616
0.0
0.0
0.0
0.0
0.09523809523809523
0.0
0.0
0.0
0.0
0.0
0.0
0.0
0.0
0.1
0.0
0.05
0.0
0.0
0.0
0.0
0.15
0.0
0.0
0.0
0.0
0.0
0.0
0.0
0.0
0.0
0.0
0.0
0.0
0.0
0.0
0.0
0.0
0.0
0.0
0.0
0.0
0.0
0.0
0.0
0.0
0.0
0.0
0.0
0.0
0.05
0.1
0.0
0.0
0.0
0.0
0.0
0.0
0.0
0.0
0.0
0.0
0.0
0.0
0.0
0.15
0.0
0.0
0.0
0.0
0.0
0.0
0.0
0.0
0.0
0.0
0.0
0.0
0.0
0.0
0.0
0.0
0.0
0.0
0.0
0.0
0.0
0.0
0.0
0.0
0.0
0.0
0.0
0.0
0.0
0.0
0.0
0.0
0.0
0.0
0.0
0.0
0.0
0.0
0.0
0.0
0.0
0.0
0.0
0.0
0.0
0.0
0.0
0.0
0.0
0.0
0.0
0.0
0.0
0.1
0.0
0.0
0.0
0.0
0.0
0.0
0.0
0.0
0.0
0.0
0.0
0.0
0.0
0.0
0.0
0.0
0.0
0.0
0.0
0.0
0.0
0.0
0.0
0.0
0.0
0.0
0.0
0.0
0.0
0.0
0.0
0.0
0.0
0.0
0.0
0.0
0.0
0.0
0.0
0.0
0.0
0.0
0.0
0.10526315789473684
0.0
0.0
0.0
0.0
0.05263157894736842
0.0
0.0
0.0
0.0
0.0
0.0
0.0
0.0
0.0
0.0
0.0
0.0
0.0
0.0
0.0
0.0
0.0
0.0
0.0
0.0
0.0
0.0
0.0
0.0
0.0
0.10526315789473684
0.0
0.0
0.05263157894736842
0.0
0.0
0.0
0.0
0.0
0.0
0.0
0.0
0.0
0.05263157894736842
0.0
0.0
0.0
0.0
0.0
0.0
0.0
0.0
0.0
0.0
0.0
0.0
0.0
0.0
0.0
0.0
0.0
0.0
0.0
0.0
0.0
0.0
0.05263157894736842
0.0
0.0
0.0
0.05263157894736842
0.0
0.0
0.0
0.05263157894736842
0.0
0.0
0.0
0.0
0.0
0.0
0.0
0.0
0.0
0.0
0.0
0.0
0.0
0.0
0.0
0.0
0.0
0.0
0.0
0.0
0.0
0.0
0.0
0.0
0.0
0.0
0.0
0.05263157894736842
0.0
0.0
0.0
0.0
0.0
0.0
0.0
0.0
0.0
0.05263157894736842
0.0
0.0
0.0
0.0
0.0
0.0
0.0
0.0
0.0
0.0
0.0
0.0
0.0
0.05263157894736842
0.0
0.0
0.0
0.0
0.0
0.0
0.0
0.05263157894736842
0.0
0.0
0.0
0.10526315789473684
0.0
0.0
0.0
0.0
0.0
0.0
0.0
0.0
0.0
0.0
0.0
0.0
0.0
0.0
0.0
0.0
0.0
0.0
0.0
0.0
0.1111111111111111
0.0
0.0
0.0
0.0
0.0
0.0
0.0
0.0
0.0
0.0
0.0
0.0
0.0
0.0
0.0
0.0
0.0
0.0
0.0
0.0
0.05555555555555555
0.0
0.0
0.0
0.0
0.0
0.0
0.0
0.0
0.0
0.0
0.0
0.0
0.0
0.0
0.0
0.0
0.0
0.0
0.0
0.0
0.0
0.0
0.0
0.0
0.0
0.0
0.0
0.0
0.0
0.0
0.1111111111111111
0.0
0.05555555555555555
0.05555555555555555
0.0
0.0
0.0
0.0
0.0
0.0
0.0
0.0
0.0
0.0
0.0
0.0
0.0
0.0
0.0
0.0
0.0
0.0
0.05555555555555555
0.0
0.0
0.0
0.0
0.0
0.0
0.0
0.0
0.0
0.0
0.0
0.0
0.0
0.0
0.0
0.0
0.0
0.0
0.0
0.0
0.0
0.0
0.0
0.0
0.0
0.0
0.05555555555555555
0.0
0.0
0.0
0.0
0.0
0.0
0.0
0.0
0.0
0.0
0.0
0.0
0.0
0.0
0.0
0.0
0.0
0.0
0.0
0.05555555555555555
0.0
0.0
0.0
0.0
0.0
0.0
0.0
0.0
0.0
0.0
0.0
0.0
0.0
0.0
0.0
0.0
0.0
0.0
0.0
0.0
0.0
0.0
0.0
0.0
0.0
0.0
0.0
0.05555555555555555
0.05555555555555555
0.0
0.0
0.0
0.0
0.0
0.0
0.0
0.0
0.0
0.0
0.0
0.0
0.0
0.0
0.0
0.0
0.0
0.0
0.0
0.0
0.0
0.0
0.0
0.0
0.0
0.0
0.0
0.0
0.0
0.0
0.0
0.0
0.058823529411764705
0.0
0.0
0.0
0.0
0.0
0.0
0.0
0.058823529411764705
0.0
0.0
0.0
0.0
0.0
0.0
0.0
0.0
0.0
0.0
0.0
0.0
0.0
0.0
0.0
0.0
0.0
0.0
0.058823529411764705
0.0
0.0
0.0
0.0
0.0
0.0
0.0
0.0
0.0
0.0
0.0
0.0
0.0
0.0
0.0
0.0
0.0
0.0
0.0
0.0
0.0
0.0
0.0
0.0
0.0
0.0
0.0
0.0
0.0
0.0
0.0
0.0
0.0
0.0
0.0
0.0
0.0
0.0
0.0
0.0
0.0
0.0
0.0
0.0
0.0
0.0
0.0
0.0
0.0
0.0
0.0
0.0
0.0
0.0
0.0
0.0
0.0
0.0
0.0
0.0
0.0
0.0
0.0
0.0
0.0
0.0
0.0
0.0
0.0
0.0
0.0
0.058823529411764705
0.0
0.0
0.0
0.0
0.0
0.0
0.0
0.0
0.0
0.0
0.0
0.0
0.0
0.0
0.0
0.0
0.0
0.0
0.0
0.058823529411764705
0.0
0.0
0.0
0.0
0.11764705882352941
0.0
0.0
0.0
0.0
0.0
0.0
0.0
0.0
0.0
0.0
0.0
0.0
0.0
0.0
0.0
0.0
0.0
0.0
0.0
0.0625
0.0
0.0
0.0
0.0
0.0
0.0
0.0
0.0
0.0
0.0
0.0
0.0
0.0
0.0
0.0
0.0
0.0
0.0
0.0
0.0
0.0
0.0
0.0
0.0
0.0
0.0
0.0
0.0
0.0
0.0
0.0
0.0
0.0
0.0
0.0
0.0
0.0
0.0
0.0
0.0
0.0
0.0
0.0
0.0
0.0
0.0
0.0
0.0
0.0
0.0
0.0
0.0
0.0
0.0
0.0
0.0
0.0
0.0
0.0
0.0
0.0
0.0
0.0
0.0
0.0
0.0
0.0
0.0
0.0
0.0
0.0
0.0
0.0
0.0
0.0
0.0
0.0
0.0
0.0
0.0
0.0
0.0
0.0
0.0625
0.0625
0.0
0.0
0.0
0.0
0.0
0.0
0.0
0.0
0.0
0.0
0.0
0.0
0.0
0.0
0.0
0.0
0.0
0.0
0.0
0.0
0.0
0.0
0.0
0.0
0.0
0.0
0.0
0.0
0.0
0.0
0.0
0.0
0.0
0.0
0.0
0.0
0.0
0.0
0.0625
0.0
0.0
0.0
0.0
0.0
0.0
0.0
0.0
0.0
0.0
0.0625
0.0
0.0
0.0
0.0
0.0
0.0625
0.0
0.0625
0.0
0.0
0.0
0.0
0.0
0.0
0.0
0.0
0.0
0.0
0.0
0.0
0.0
0.0
0.0
0.0
0.0
0.0
0.0
0.0
0.0
0.0
0.0
0.0
0.0625
0.0625
0.0625
0.0
0.0
0.0
0.0
0.0
0.0
0.0
0.0
0.0
0.0
0.0
0.0
0.0
0.0
0.0
0.0
0.0
0.0
0.0
0.0
0.0
0.0
0.0
0.0
0.0
0.0
0.0
0.0
0.0
0.0
0.0
0.0
0.0
0.0
0.0
0.0
0.0
0.0
0.06666666666666667
0.0
0.0
0.0
0.0
0.06666666666666667
0.0
0.0
0.0
0.0
0.0
0.0
0.0
0.0
0.0
0.0
0.0
0.0
0.0
0.0
0.0
0.0
0.0
0.0
0.0
0.0
0.0
0.0
0.0
0.0
0.0
0.0
0.0
0.0
0.0
0.0
0.0
0.06666666666666667
0.0
0.0
0.0
0.0
0.0
0.0
0.0
0.0
0.0
0.0
0.0
0.0
0.0
0.0
0.0
0.0
0.0
0.0
0.0
0.0
0.0
0.0
0.0
0.0
0.0
0.0
0.0
0.0
0.0
0.0
0.0
0.0
0.0
0.0
0.0
0.0
0.0
0.0
0.0
0.0
0.0
0.0
0.0
0.06666666666666667
0.0
0.0
0.06666666666666667
0.0
0.0
0.0
0.13333333333333333
0.0
0.0
0.0
0.0
0.0
0.0
0.0
0.0
0.0
0.0
0.0
0.0
0.0
0.0
0.0
0.0
0.0
0.0
0.0
0.0
0.0
0.0
0.0
0.0
0.0
0.0
0.06666666666666667
0.0
0.0
0.0
0.0
0.0
0.0
0.0
0.0
0.0
0.0
0.0
0.0
0.0
0.0
0.0
0.0
0.0
0.0
0.0
0.0
0.0
0.0
0.0
0.0
0.0
0.0
0.0
0.0
0.0
0.0
0.0
0.0
0.0
0.0
0.0
0.0
0.0
0.0
0.0
0.0
0.0
0.0
0.0
0.0
0.0
0.0
0.0
0.0
0.0
0.0
0.0
0.0
0.0
0.0
0.0
0.0
0.0
0.0
0.0
0.0
0.0
0.0
0.0
0.0
0.0
0.0
0.0
0.0
0.0
0.0
0.0
0.0
0.0
0.0
0.0
0.0
0.0
0.0
0.0
0.0
0.0
0.0
0.0
0.0
0.0
0.0
0.0
0.0
0.2
0.0
0.0
0.0
0.0
0.0
0.0
0.0
0.0
0.0
0.0
0.0
0.0
0.0
0.0
0.0
0.0
0.0
0.0
0.0
0.0
0.0
0.0
0.0
0.0
0.0
0.0
0.0
0.0
0.0
0.0
0.0
0.0
0.0
0.0
0.0
0.0
0.0
0.0
0.0
0.0
0.0
0.0
0.0
0.0
0.0
0.0
0.0
0.0
0.0
0.0
0.0
0.0
0.0
0.0
0.0
0.0
0.0
0.0
0.0
0.0
0.0
0.0
0.0
0.0
0.0
0.0
0.0
0.0
0.14285714285714285
0.0
0.0
0.0
0.0
0.0
0.0
0.0
0.0
0.0
0.0
0.0
0.0
0.0
0.0
0.07142857142857142
0.0
0.0
0.0
0.0
0.0
0.0
0.0
0.0
0.0
0.0
0.0
0.0
0.0
0.0
0.0
0.0
0.0
0.0
0.0
0.0
0.0
0.0
0.0
0.07142857142857142
0.0
0.0
0.0
0.0
0.07142857142857142
0.0
0.0
0.0
0.0
0.0
0.0
0.0
0.0
0.0
0.0
0.0
0.0
0.0
0.07142857142857142
0.0
0.0
0.0
0.0
0.0
0.0
0.0
0.0
0.0
0.0
0.0
0.0
0.0
0.0
0.0
0.0
0.0
0.0
0.0
0.0
0.0
0.0
0.0
0.0
0.0
0.0
0.07142857142857142
0.07142857142857142
0.0
0.0
0.0
0.0
0.0
0.0
0.0
0.0
0.0
0.0
0.0
0.0
0.0
0.0
0.0
0.0
0.0
0.0
0.0
0.0
0.0
0.0
0.14285714285714285
0.0
0.0
0.0
0.0
0.0
0.0
0.0
0.0
0.0
0.0
0.0
0.0
0.0
0.0
0.0
0.0
0.0
0.0
0.0
0.0
0.0
0.0
0.0
0.0
0.0
0.0
0.0
0.0
0.0
0.0
0.0
0.0
0.0
0.0
0.0
0.0
0.0
0.0
0.0
0.0
0.0
0.0
0.0
0.0
0.0
0.0
0.0
0.0
0.0
0.0
0.0
0.0
0.07142857142857142
0.0
0.0
0.0
0.0
0.0
0.0
0.0
0.07692307692307693
0.0
0.0
0.0
0.0
0.0
0.0
0.0
0.0
0.0
0.0
0.0
0.0
0.0
0.0
0.0
0.0
0.0
0.0
0.0
0.0
0.0
0.0
0.0
0.0
0.0
0.0
0.0
0.0
0.0
0.0
0.0
0.0
0.0
0.0
0.0
0.0
0.0
0.0
0.0
0.0
0.15384615384615385
0.07692307692307693
0.0
0.0
0.0
0.0
0.0
0.0
0.0
0.0
0.0
0.0
0.0
0.0
0.0
0.0
0.0
0.0
0.0
0.0
0.0
0.0
0.0
0.0
0.0
0.0
0.0
0.0
0.0
0.0
0.0
0.0
0.0
0.0
0.0
0.0
0.0
0.0
0.0
0.0
0.0
0.0
0.0
0.0
0.0
0.0
0.0
0.0
0.0
0.0
0.0
0.0
0.0
0.0
0.0
0.0
0.0
0.0
0.0
0.0
0.0
0.0
0.0
0.0
0.0
0.0
0.0
0.0
0.0
0.0
0.0
0.0
0.0
0.0
0.0
0.0
0.0
0.0
0.0
0.0
0.0
0.0
0.0
0.0
0.0
0.0
0.0
0.0
0.0
0.0
0.0
0.0
0.0
0.0
0.0
0.0
0.0
0.0
0.0
0.0
0.0
0.0
0.0
0.0
0.0
0.0
0.0
0.0
0.0
0.0
0.0
0.0
0.0
0.0
0.0
0.0
0.0
0.0
0.0
0.0
0.0
0.0
0.0
0.0
0.0
0.0
0.0
0.0
0.0
0.0
0.0
0.0
0.0
0.0
0.0
0.0
0.0
0.0
0.0
0.0
0.0
0.0
0.0
0.0
0.0
0.0
0.0
0.0
0.0
0.0
0.0
0.0
0.0
0.0
0.0
0.0
0.0
0.0
0.0
0.0
0.0
0.0
0.0
0.0
0.0
0.0
0.0
0.07692307692307693
0.0
0.0
0.0
0.0
0.0
0.0
0.0
0.0
0.0
0.0
0.0
0.0
0.0
0.0
0.0
0.0
0.0
0.0
0.0
0.0
0.0
0.0
0.0
0.0
0.0
0.0
0.07692307692307693
0.0
0.0
0.0
0.0
0.0
0.0
0.0
0.0
0.0
0.0
0.0
0.0
0.0
0.0
0.0
0.0
0.0
0.0
0.0
0.0
0.0
0.0
0.0
0.0
0.0
0.0
0.0
0.0
0.0
0.0
0.0
0.0
0.0
0.0
0.0
0.0
0.08333333333333333
0.0
0.0
0.0
0.0
0.0
0.0
0.0
0.0
0.0
0.0
0.0
0.0
0.0
0.0
0.0
0.0
0.0
0.0
0.0
0.0
0.0
0.0
0.0
0.0
0.0
0.0
0.0
0.0
0.08333333333333333
0.0
0.0
0.0
0.0
0.0
0.0
0.0
0.0
0.0
0.0
0.0
0.0
0.0
0.0
0.0
0.0
0.0
0.0
0.0
0.0
0.0
0.0
0.0
0.0
0.0
0.0
0.0
0.0
0.0
0.0
0.0
0.0
0.0
0.0
0.0
0.08333333333333333
0.0
0.0
0.0
0.0
0.0
0.0
0.0
0.0
0.0
0.0
0.0
0.0
0.0
0.0
0.0
0.0
0.0
0.0
0.0
0.0
0.0
0.0
0.0
0.0
0.0
0.0
0.08333333333333333
0.0
0.0
0.0
0.0
0.0
0.0
0.0
0.0
0.0
0.0
0.0
0.0
0.0
0.08333333333333333
0.0
0.0
0.0
0.0
0.0
0.0
0.0
0.0
0.0
0.08333333333333333
0.0
0.0
0.0
0.0
0.0
0.0
0.0
0.0
0.0
0.0
0.0
0.08333333333333333
0.0
0.0
0.0
0.0
0.0
0.0
0.08333333333333333
0.0
0.0
0.0
0.0
0.0
0.0
0.0
0.0
0.0
0.0
0.0
0.0
0.0
0.0
0.0
0.0
0.0
0.08333333333333333
0.0
0.0
0.0
0.0
0.0
0.0
0.0
0.0
0.0
0.0
0.0
0.0
0.0
0.0
0.0
0.0
0.0
0.0
0.0
0.0
0.0
0.0
0.0
0.0
0.0
0.0
0.0
0.0
0.0
0.0
0.0
0.0
0.0
0.0
0.0
0.0
0.0
0.0
0.08333333333333333
0.0
0.0
0.0
0.0
0.0
0.0
0.0
0.0
0.0
0.0
0.0
0.0
0.0
0.0
0.0
0.0
0.0
0.0
0.08333333333333333
0.0
0.0
0.0
0.0
0.0
0.08333333333333333
0.0
0.0
0.0
0.0
0.0
0.0
0.0
0.0
0.0
0.0
0.0
0.0
0.0
0.0
0.0
0.0
0.0
0.0
0.0
0.0
0.0
0.0
0.0
0.0
0.0
0.0
0.0
0.0
0.0
0.0
0.0
0.0
0.0
0.0
0.0
0.0
0.0
0.0
0.0
0.0
0.0
0.0
0.0
0.0
0.0
0.0
0.0
0.0
0.0
0.0
0.0
0.0
0.0
0.0
0.0
0.0
0.0
0.0
0.0
0.0
0.0
0.0
0.0
0.0
0.0
0.0
0.0
0.0
0.0
0.09090909090909091
0.0
0.0
0.0
0.0
0.09090909090909091
0.0
0.0
0.0
0.0
0.0
0.0
0.0
0.0
0.0
0.0
0.0
0.0
0.0
0.0
0.0
0.0
0.0
0.0
0.0
0.0
0.0
0.0
0.0
0.0
0.0
0.0
0.0
0.0
0.0
0.0
0.0
0.0
0.0
0.0
0.0
0.0
0.0
0.0
0.0
0.0
0.0
0.0
0.0
0.0
0.0
0.18181818181818182
0.0
0.0
0.0
0.0
0.0
0.0
0.0
0.0
0.0
0.0
0.0
0.0
0.09090909090909091
0.0
0.0
0.0
0.0
0.0
0.0
0.0
0.0
0.0
0.0
0.0
0.0
0.0
0.0
0.0
0.09090909090909091
0.09090909090909091
0.0
0.0
0.0
0.0
0.0
0.0
0.0
0.0
0.0
0.0
0.0
0.0
0.0
0.0
0.0
0.0
0.0
0.0
0.0
0.0
0.0
0.09090909090909091
0.0
0.0
0.0
0.0
0.0
0.0
0.0
0.0
0.0
0.09090909090909091
0.0
0.0
0.0
0.0
0.0
0.0
0.0
0.0
0.09090909090909091
0.0
0.0
0.0
0.0
0.0
0.0
0.0
0.0
0.0
0.0
0.0
0.0
0.0
0.0
0.0
0.0
0.0
0.0
0.0
0.0
0.0
0.0
0.09090909090909091
0.0
0.0
0.0
0.0
0.0
0.0
0.0
0.0
0.0
0.0
0.0
0.0
0.0
0.0
0.0
0.0
0.0
0.0
0.09090909090909091
0.09090909090909091
0.0
0.0
0.0
0.0
0.0
0.0
0.0
0.0
0.0
0.0
0.0
0.0
0.0
0.0
0.0
0.09090909090909091
0.0
0.0
0.0
0.0
0.0
0.0
0.0
0.0
0.0
0.0
0.0
0.0
0.0
0.0
0.0
0.0
0.0
0.0
0.0
0.0
0.0
0.0
0.0
0.0
0.0
0.0
0.0
0.0
0.0
0.0
0.0
0.0
0.0
0.0
0.0
0.0
0.0
0.0
0.0
0.0
0.0
0.09090909090909091
0.0
0.0
0.0
0.0
0.0
0.0
0.0
0.0
0.0
0.0
0.0
0.0
0.0
0.0
0.0
0.0
0.0
0.0
0.0
0.0
0.0
0.0
0.0
0.0
0.0
0.0
0.0
0.0
0.0
0.0
0.0
0.0
0.0
0.0
0.0
0.0
0.0
0.0
0.0
0.0
0.0
0.0
0.0
0.0
0.0
0.0
0.0
0.0
0.0
0.0
0.0
0.0
0.18181818181818182
0.09090909090909091
0.0
0.0
0.0
0.0
0.0
0.0
0.0
0.0
0.0
0.0
0.0
0.0
0.0
0.0
0.0
0.0
0.0
0.09090909090909091
0.0
0.0
0.0
0.0
0.0
0.0
0.0
0.0
0.0
0.0
0.0
0.0
0.0
0.0
0.0
0.0
0.0
0.0
0.0
0.0
0.0
0.0
0.0
0.0
0.0
0.0
0.0
0.0
0.0
0.0
0.0
0.0
0.0
0.0
0.0
0.0
0.0
0.0
0.0
0.0
0.0
0.0
0.0
0.0
0.0
0.0
0.0
0.0
0.0
0.0
0.0
0.0
0.1
0.0
0.0
0.0
0.0
0.0
0.0
0.0
0.0
0.0
0.0
0.1
0.0
0.0
0.0
0.0
0.0
0.0
0.0
0.0
0.0
0.0
0.0
0.0
0.0
0.0
0.0
0.0
0.0
0.0
0.0
0.0
0.0
0.0
0.0
0.0
0.0
0.0
0.0
0.0
0.0
0.0
0.0
0.0
0.0
0.0
0.0
0.0
0.0
0.0
0.0
0.0
0.0
0.0
0.0
0.0
0.0
0.1
0.0
0.0
0.0
0.0
0.0
0.0
0.0
0.0
0.0
0.0
0.0
0.0
0.0
0.0
0.0
0.0
0.0
0.2
0.0
0.0
0.0
0.0
0.0
0.0
0.0
0.0
0.0
0.0
0.0
0.0
0.0
0.0
0.0
0.0
0.0
0.0
0.0
0.0
0.0
0.0
0.0
0.0
0.0
0.0
0.0
0.0
0.0
0.0
0.0
0.0
0.0
0.0
0.0
0.0
0.0
0.0
0.0
0.0
0.0
0.0
0.0
0.0
0.0
0.0
0.0
0.0
0.0
0.0
0.0
0.0
0.0
0.0
0.0
0.0
0.0
0.0
0.0
0.0
0.0
0.0
0.0
0.0
0.0
0.0
0.0
0.0
0.0
0.0
0.0
0.0
0.0
0.0
0.0
0.0
0.0
0.0
0.0
0.0
0.0
0.0
0.0
0.0
0.0
0.0
0.0
0.0
0.0
0.0
0.0
0.0
0.0
0.0
0.0
0.0
0.0
0.0
0.0
0.0
0.0
0.0
0.0
0.0
0.0
0.0
0.0
0.0
0.0
0.0
0.0
0.0
0.3
0.0
0.0
0.0
0.0
0.0
0.0
0.0
0.0
0.0
0.0
0.0
0.0
0.0
0.0
0.0
0.0
0.0
0.0
0.0
0.0
0.0
0.0
0.0
0.0
0.0
0.0
0.0
0.0
0.0
0.0
0.0
0.0
0.0
0.0
0.0
0.2
0.0
0.0
0.0
0.0
0.0
0.0
0.0
0.0
0.0
0.0
0.0
0.1
0.0
0.0
0.0
0.0
0.1
0.0
0.0
0.0
0.0
0.0
0.0
0.0
0.0
0.0
0.0
0.0
0.0
0.0
0.0
0.0
0.0
0.0
0.0
0.0
0.0
0.0
0.0
0.0
0.0
0.0
0.0
0.0
0.0
0.0
0.0
0.0
0.0
0.0
0.0
0.0
0.0
0.2
0.0
0.0
0.0
0.0
0.0
0.0
0.0
0.0
0.0
0.0
0.0
0.0
0.0
0.0
0.0
0.0
0.0
0.0
0.0
0.0
0.0
0.0
0.0
0.0
0.0
0.0
0.0
0.0
0.1
0.0
0.0
0.0
0.0
0.0
0.0
0.0
0.0
0.0
0.0
0.0
0.0
0.0
0.0
0.0
0.0
0.0
0.0
0.0
0.0
0.0
0.0
0.1
0.0
0.0
0.0
0.0
0.1
0.0
0.0
0.0
0.0
0.0
0.0
0.0
0.0
0.1
0.0
0.0
0.0
0.0
0.0
0.0
0.0
0.0
0.0
0.0
0.0
0.0
0.0
0.0
0.1
0.0
0.0
0.0
0.0
0.0
0.0
0.0
0.0
0.0
0.0
0.0
0.0
0.1
0.0
0.0
0.0
0.0
0.0
0.0
0.0
