0.01737242128121607
0.0
0.016489988221436984
0.01899335232668566
0.006493506493506494
0.020255063765941484
0.017429193899782137
0.021540118470651588
0.008174386920980926
0.007633587786259542
0.03007518796992481
0.007920792079207921
0.007100591715976331
0.009915014164305949
0.009881422924901186
0.014992503748125937
0.020858895705521473
0.015895953757225433
0.012857142857142857
0.0029940119760479044
0.022288261515601784
0.02664298401420959
0.018982536066818528
0.004975124378109453
0.011363636363636364
0.014890282131661442
0.0066555740432612314
0.014093137254901961
0.0
0.007936507936507936
0.024247491638795988
0.01417004048582996
0.012079378774805867
0.034782608695652174
0.011904761904761904
0.021793275217932753
0.019358741681790685
0.030165912518853696
0.008695652173913044
0.013033175355450236
0.0
0.0106951871657754
0.00966183574879227
0.011447811447811448
0.00857843137254902
0.0029498525073746312
0.02044989775051125
0.021917808219178082
0.02040816326530612
0.015625
0.011535688536409516
0.02920723226703755
0.016159695817490494
0.01953125
0.015151515151515152
0.035015447991761074
0.01233616037008481
0.016205910390848427
0.008948545861297539
0.021406727828746176
0.003826530612244898
0.009146341463414634
0.0
0.0
0.015
0.0069124423963133645
0.01757469244288225
0.009174311926605505
0.012033694344163659
0.018404907975460124
0.025730994152046785
0.0
0.016409266409266408
0.025100401606425703
0.024271844660194174
0.025963808025177025
0.010810810810810811
0.01877133105802048
0.016150740242261104
0.03385731559854897
0.021360759493670885
0.022317596566523604
0.013250883392226149
0.01434878587196468
0.01694915254237288
0.01818181818181818
0.011627906976744186
0.0175
0.007352941176470588
0.018357487922705314
0.019860973187686197
0.020535714285714286
0.014274385408406027
0.019097222222222224
0.020676691729323307
0.0148861646234676
0.01953488372093023
0.03177966101694915
0.014388489208633094
0.010447761194029851
0.0211864406779661
0.005641748942172073
0.016100178890876567
0.008839779005524863
0.01478494623655914
0.018835616438356163
0.02330293819655522
0.010854816824966078
0.0
0.025735294117647058
0.01834862385321101
0.008849557522123894
0.015661707126076743
0.01581325301204819
0.016216216216216217
0.007751937984496124
0.019498607242339833
0.015584415584415584
0.015723270440251572
0.019120458891013385
0.02694610778443114
0.022950819672131147
0.01483679525222552
0.014642549526270457
0.01642710472279261
0.020719738276990186
0.01675977653631285
0.008166969147005444
0.02127659574468085
0.020161290322580645
0.0
0.012269938650306749
0.01078167115902965
0.007328990228013029
0.009746588693957114
0.011210762331838564
0.0
0.01875
0.01335559265442404
0.017357762777242044
0.006711409395973154
0.011764705882352941
0.011795543905635648
0.015364916773367477
0.01288056206088993
0.016853932584269662
0.021660649819494584
0.012409513960703205
0.0
0.0
0.00641025641025641
0.01845018450184502
0.016483516483516484
0.022244691607684528
0.006696428571428571
0.021601016518424398
0.007272727272727273
0.006060606060606061
0.009174311926605505
0.01221001221001221
0.011023622047244094
0.025380710659898477
0.0
0.015313935681470138
0.015712682379349047
0.0072254335260115606
0.017015706806282723
0.028938906752411574
0.02835538752362949
0.020190023752969122
0.024875621890547265
0.023809523809523808
0.0
0.0070921985815602835
0.0024630541871921183
0.004576659038901602
0.017142857142857144
0.03350515463917526
0.011461318051575931
0.015250544662309368
0.024271844660194174
0.011627906976744186
0.027308192457737322
0.015810276679841896
0.0
0.018469656992084433
0.015189873417721518
0.023703703703703703
0.010775862068965518
0.016203703703703703
0.005535055350553505
0.005263157894736842
0.009900990099009901
0.020161290322580645
0.0
0.004651162790697674
0.008254716981132075
0.0
0.0
0.0
0.0
0.0
0.0
0.0
0.0
0.0
0.0
0.0
0.0
0.0
0.0
0
0.0
0.0
0.0
0.0
0.0
0.0
0.0
0.0
0.0
0.0
0.0
0.0
0.0
0.0
0.0
0.0
0.0
0.0
0.0
0.0
0.0
0.0
0.009104704097116844
0.0
0.00984009840098401
0.017374517374517374
0.02533783783783784
0.0091324200913242
0.01288659793814433
0.027303754266211604
0.0
0.0
0.013015184381778741
0.022408963585434174
0.011160714285714286
0.018666666666666668
0.01627670396744659
0.012232415902140673
0.01637107776261937
0.0
0.014319809069212411
0.02109181141439206
0.02194787379972565
0.021311475409836064
0.0036363636363636364
0.01288056206088993
0.014666666666666666
0.017195767195767195
0.0
0.011984021304926764
0.01238390092879257
0.014423076923076924
0.010660980810234541
0.0
0.026262626262626262
0.008264462809917356
0.016516516516516516
0.019498607242339833
0.01365546218487395
0.00686106346483705
0
0.017064846416382253
0.013513513513513514
0.02912621359223301
0.006342494714587738
0.008534850640113799
0.016908212560386472
0.024475524475524476
0.015384615384615385
0.019744483159117306
0.017937219730941704
0.016317016317016316
0.014588859416445624
0.011396011396011397
0.014690451206715634
0.05454545454545454
0.011707317073170732
0.021052631578947368
0.013377926421404682
0.02159827213822894
0.02088167053364269
0.010238907849829351
0.016359918200409
0.01639344262295082
0.00851063829787234
0
0.017133956386292833
0.013227513227513227
0.007858546168958742
0.014416775884665793
0.0
0.022538552787663108
0.0
0.0
0.020100502512562814
0.011494252873563218
0.011083743842364532
0.00741839762611276
0.023529411764705882
0.02035928143712575
0.009473684210526316
0.01092896174863388
0.009569377990430622
0.012224938875305624
0.012557077625570776
0.022494887525562373
0.006535947712418301
0.016411378555798686
0.003976143141153081
0.007722007722007722
0.005208333333333333
0.009584664536741214
0.00980392156862745
0.0
0.02640845070422535
0.026936026936026935
0.008
0.009291521486643438
0.020080321285140562
0.017241379310344827
0.0
0.010050251256281407
0.02100840336134454
0.0
0.017123287671232876
0.014414414414414415
0.002824858757062147
0.014341590612777053
0.03442879499217527
0.0
0.0
0.0
0.009296148738379814
0.013422818791946308
0.013003901170351105
0.005089058524173028
0
0.00554016620498615
0.011421319796954314
0.020437956204379562
0.0029585798816568047
0.020100502512562814
0.015486725663716814
0.015358361774744027
0.01256281407035176
0.016587677725118485
0.013953488372093023
0.022653721682847898
0.006980802792321117
0.01576182136602452
0.020066889632107024
0.01733102253032929
0.02434782608695652
0.0
0.018072289156626505
0.018691588785046728
0.01609657947686117
0.008379888268156424
0.010899182561307902
0.0
0.00202020202020202
0.019230769230769232
0.00423728813559322
0.01056338028169014
0.017341040462427744
0.013307984790874524
0.010727056019070322
0.016363636363636365
0.012987012987012988
0.0
0.014814814814814815
0.016793893129770993
0.0
0.005249343832020997
0.012804097311139564
0.011272141706924315
0.02391304347826087
0.013192612137203167
0.004608294930875576
0.018387553041018388
0.009140767824497258
0.0
0.016736401673640166
0.013468013468013467
0.019867549668874173
0.013445378151260505
0.010159651669085631
0.020289855072463767
0.0020833333333333333
0.017825311942959002
0.015
0.014285714285714285
0.01282051282051282
0.005847953216374269
0.012987012987012988
0.0
0.013651877133105802
0.015037593984962405
0.018518518518518517
0.014144271570014143
0.011299435028248588
0.0
0.006060606060606061
0.010825439783491205
0.0
0.01046337817638266
0.018413597733711047
0.00980392156862745
0.01876172607879925
0.011428571428571429
0.01818181818181818
0.014010507880910683
0.01764705882352941
0.020766773162939296
0.014285714285714285
0.012544802867383513
0.02027027027027027
0.014112903225806451
0.013223140495867768
0.01045751633986928
0.025787965616045846
0.006688963210702341
0.004132231404958678
0.02304147465437788
0.017152658662092625
0.021937842778793418
0.006666666666666667
0.007246376811594203
0.014373716632443531
0.013311148086522463
0.006993006993006993
0
0.008849557522123894
0.009900990099009901
0.0
0.015228426395939087
0.0
0.014245014245014245
0.0
0.010169491525423728
0.011164274322169059
0.008090614886731391
0.011111111111111112
0.0076726342710997444
0.004524886877828055
0.0
0.01488095238095238
0.02631578947368421
0.016333938294010888
0.00663716814159292
0.008368200836820083
0.011764705882352941
0.023094688221709007
0.009036144578313253
0.014613778705636743
0.0
0.031746031746031744
0.008130081300813009
0.013944223107569721
0.009569377990430622
0.006349206349206349
0.0055248618784530384
0.012315270935960592
0.007561436672967864
0.007462686567164179
0.011235955056179775
0
0.005263157894736842
0.008928571428571428
0.0
0.0
0.013725490196078431
0.019886363636363636
0.01606425702811245
0.004889975550122249
0.017369727047146403
0.015384615384615385
0.008928571428571428
0.020527859237536656
0.015267175572519083
0.00980392156862745
0.0029411764705882353
0.016304347826086956
0.01791044776119403
0.014240506329113924
0.0021321961620469083
0.019471488178025034
0.009668508287292817
0.013157894736842105
0.02743142144638404
0.004016064257028112
0.013824884792626729
0.00546448087431694
0.017759562841530054
0.018367346938775512
0.009790209790209791
0.013029315960912053
0.0
0.010869565217391304
0.01601164483260553
0.010121457489878543
0.019193857965451054
0.007575757575757576
0.0220125786163522
0.005494505494505495
0.014652014652014652
0.008547008547008548
0.006622516556291391
0.008130081300813009
0.008746355685131196
0.012618296529968454
0.017761989342806393
0.0055762081784386614
0.014492753623188406
0.009009009009009009
0.011594202898550725
0.0106951871657754
0.0
0.028368794326241134
0.008532423208191127
0.0
0.005780346820809248
0.011131725417439703
0.00967741935483871
0.013592233009708738
0.0025906735751295338
0.0
0.0016722408026755853
0.011111111111111112
0.016666666666666666
0.002369668246445498
0.004878048780487805
0.013358778625954198
0.006191950464396285
0.03
0.003703703703703704
0.009259259259259259
0.017241379310344827
0.026052104208416832
0.010183299389002037
0.015250544662309368
0.00872093023255814
0.004777070063694267
0.014598540145985401
0.01718213058419244
0.009146341463414634
0.005319148936170213
0.0
0.01891891891891892
0.026066350710900472
0.0057306590257879654
0.0
0.0
0.0
0.016216216216216217
0.019704433497536946
0.03090507726269316
0.010416666666666666
0.015625
0.010471204188481676
0.01440922190201729
0.004934210526315789
0.022388059701492536
0.009287925696594427
0.01643835616438356
0.019455252918287938
0.014957264957264958
0.0072992700729927005
0.005791505791505791
0.013888888888888888
0.02643171806167401
0.012396694214876033
0.009104704097116844
0.018867924528301886
0.010351966873706004
0.02654867256637168
0.01639344262295082
0.0213903743315508
0.01597444089456869
0.002577319587628866
0.0
0.004878048780487805
0.0
0.013333333333333334
0.012084592145015106
0.019390581717451522
0.011647254575707155
0.0
0.018148820326678767
0.014742014742014743
0.020703933747412008
0.011725293132328308
0.0
0.016835016835016835
0.017341040462427744
0.01160092807424594
0.01567398119122257
0.01775147928994083
0.011049723756906077
0.008771929824561403
0.0
0.010948905109489052
0.012773722627737226
0.021479713603818614
0.0
0.015822784810126583
0.012474012474012475
0.011695906432748537
0.0022471910112359553
0.01559792027729636
0.017543859649122806
0.008928571428571428
0.017475728155339806
0.0111731843575419
0.0
0.00980392156862745
0.017412935323383085
0.015723270440251572
0.004909983633387889
0.0078125
0.0223463687150838
0.014492753623188406
0.0
0.007633587786259542
0.025590551181102362
0.012738853503184714
0.014705882352941176
0.009578544061302681
0.01
0.015479876160990712
0.015590200445434299
0.003389830508474576
0.0026666666666666666
0.0196078431372549
0.0
0.01020408163265306
0.00684931506849315
0.0148975791433892
0.004934210526315789
0.018475750577367205
0.010101010101010102
0.005494505494505495
0.011799410029498525
0.0196078431372549
0.012307692307692308
0.009433962264150943
0.0
0.012106537530266344
0.014678899082568808
0.014084507042253521
0.009036144578313253
0.012345679012345678
0.010416666666666666
0.015306122448979591
0.006578947368421052
0.018867924528301886
0.01557632398753894
0.015486725663716814
0.018808777429467086
0.007590132827324478
0.013986013986013986
0.01818181818181818
0.008988764044943821
0.012861736334405145
0.009230769230769232
0.01485148514851485
0.0056657223796034
0.019305019305019305
0.02666666666666667
0.020050125313283207
0.013986013986013986
0.01694915254237288
0.014598540145985401
0.008620689655172414
0.0106951871657754
0.006666666666666667
0.01020408163265306
0.006711409395973154
0.014285714285714285
0.012096774193548387
0.005555555555555556
0.008130081300813009
0.015280135823429542
0.011527377521613832
0.005025125628140704
0.005698005698005698
0.04878048780487805
0.00425531914893617
0.007042253521126761
0.01160092807424594
0.008403361344537815
0.008888888888888889
0.02867383512544803
0.007978723404255319
0.01532567049808429
0.004672897196261682
0.006042296072507553
0.012106537530266344
0.026923076923076925
0.0
0.004705882352941176
0.022508038585209004
0.01702127659574468
0.006944444444444444
0.004761904761904762
0.014598540145985401
0.0037593984962406013
0.0071174377224199285
0.009933774834437087
0.007905138339920948
0.04395604395604396
0.008908685968819599
0.006968641114982578
0.007462686567164179
0.015197568389057751
0.014336917562724014
0.018947368421052633
0.0110803324099723
0.017045454545454544
0.01556420233463035
0.006920415224913495
0.012658227848101266
0.011848341232227487
0.014367816091954023
0.009708737864077669
0.01702127659574468
0.00684931506849315
0.0
0.014354066985645933
0.018433179723502304
0.0
0.014705882352941176
0.015521064301552107
0.017241379310344827
0.006172839506172839
0.025943396226415096
0.0051813471502590676
0.012096774193548387
0.021052631578947368
0.006060606060606061
0.006097560975609756
0.023017902813299233
0.006864988558352402
0.002785515320334262
0.008528784648187633
0.015037593984962405
0.007233273056057866
0.018633540372670808
0.013333333333333334
0.015384615384615385
0.012919896640826873
0.008695652173913044
0.01532567049808429
0.012448132780082987
0.01366120218579235
0.0
0.010309278350515464
0.003795066413662239
0.007462686567164179
0.012875536480686695
0.011976047904191617
0.02610966057441253
0.005825242718446602
0.0032258064516129032
0.03278688524590164
0.03896103896103896
0.010230179028132993
0.008528784648187633
0.008595988538681949
0.016260162601626018
0.009836065573770493
0.006802721088435374
0.004739336492890996
0.014141414141414142
0.013477088948787063
0.011450381679389313
0.0
0.015915119363395226
0.020689655172413793
0.015873015873015872
0.018957345971563982
0.012254901960784314
0.020089285714285716
0.006920415224913495
0.020080321285140562
0.0025380710659898475
0.008908685968819599
0.025974025974025976
0.014705882352941176
0.013793103448275862
0.00823045267489712
0.022026431718061675
0.004464285714285714
0.021621621621621623
0.0
0.031007751937984496
0.020618556701030927
0.005847953216374269
0.017123287671232876
0.013605442176870748
0.025362318840579712
0.01090909090909091
0.0
0.0029585798816568047
0.01818181818181818
0.019672131147540985
0.017094017094017096
0.01
0.011682242990654205
0.02608695652173913
0.0033444816053511705
0.009478672985781991
0.00904977375565611
0.019230769230769232
0.02040816326530612
0.0
0.014388489208633094
0.009478672985781991
0.013440860215053764
0.016260162601626018
0.023554603854389723
0.014778325123152709
0.017123287671232876
0.028735632183908046
0.003861003861003861
0.013574660633484163
0.009324009324009324
0.015625
0.020833333333333332
0.011976047904191617
0.015625
0.0
0.0
0.03361344537815126
0.01284796573875803
0.007067137809187279
0.002770083102493075
0.0
0.0136986301369863
0.014749262536873156
0.00998003992015968
0.03873239436619718
0.025210084033613446
0.008368200836820083
0.016227180527383367
0.013422818791946308
0.0
0.0
0.010869565217391304
0.01694915254237288
0.009111617312072893
0.014925373134328358
0.0
0.00784313725490196
0.026455026455026454
0.0030959752321981426
0.008639308855291577
0.0
0.0072992700729927005
0.015228426395939087
0.003472222222222222
0.007481296758104738
0.033707865168539325
0.007462686567164179
0.018518518518518517
0.008287292817679558
0.02422145328719723
0.012698412698412698
0.018617021276595744
0.024
0.009345794392523364
0.006779661016949152
0.016304347826086956
0.014285714285714285
0.012903225806451613
0.006060606060606061
0.0
0.0
0.0
0.024390243902439025
0.008426966292134831
0.015317286652078774
0.014563106796116505
0.0
0.002
0.022058823529411766
0.0056657223796034
0.011627906976744186
0.012658227848101266
0.0
0.026402640264026403
0.011278195488721804
0.013477088948787063
0.011627906976744186
0.020737327188940093
0.0
0.006430868167202572
0.00847457627118644
0.020895522388059702
0.015503875968992248
0.012012012012012012
0.013888888888888888
0.008733624454148471
0.01904761904761905
0.011194029850746268
0.006920415224913495
0.013262599469496022
0.0028169014084507044
0.028662420382165606
0.017543859649122806
0.01892744479495268
0.0055762081784386614
0.017341040462427744
0.0
0.0149812734082397
0.0049261083743842365
0.015424164524421594
0.010638297872340425
0.02577319587628866
0.011406844106463879
0.005952380952380952
0.01358695652173913
0.00909090909090909
0.028169014084507043
0.015037593984962405
0.013333333333333334
0.020348837209302327
0.0
0.0
0.007407407407407408
0.005434782608695652
0.0072992700729927005
0.0078125
0.0
0.0
0.01818181818181818
0.02147239263803681
0.011627906976744186
0.0
0.006779661016949152
0.030612244897959183
0.017777777777777778
0.018867924528301886
0.007246376811594203
0.005012531328320802
0.024615384615384615
0.008595988538681949
0.0
0.012658227848101266
0.010344827586206896
0.010752688172043012
0.0071174377224199285
0.018315018315018316
0.021108179419525065
0.016260162601626018
0.017123287671232876
0.020895522388059702
0.020202020202020204
0.0
0.023323615160349854
0.019851116625310174
0.0
0.021164021164021163
0.005249343832020997
0
0.010810810810810811
0.016611295681063124
0.005813953488372093
0.01288659793814433
0.0
0.011428571428571429
0.005813953488372093
0.007518796992481203
0.011547344110854504
0.008356545961002786
0.006578947368421052
0.01098901098901099
0.01556420233463035
0.006060606060606061
0.003289473684210526
0.0035714285714285713
0.011869436201780416
0.013392857142857142
0.0
0.02027027027027027
0.01834862385321101
0.008264462809917356
0.019672131147540985
0.0
0.011428571428571429
0.0078125
0.011730205278592375
0.0166270783847981
0.00211864406779661
0.005649717514124294
0.0048543689320388345
0.019867549668874173
0.014184397163120567
0.02631578947368421
0
0.006920415224913495
0.016233766233766232
0.00909090909090909
0.0125
0.002777777777777778
0.0
0.016129032258064516
0.01411764705882353
0.034161490683229816
0.015723270440251572
0.012195121951219513
0.019138755980861243
0
0.0
0.006726457399103139
0.019305019305019305
0.0
0.0033333333333333335
0.011235955056179775
0.010714285714285714
0.016260162601626018
0.021352313167259787
0.013793103448275862
0.01348314606741573
0.0072992700729927005
0.016181229773462782
0.0
0.008695652173913044
0.007462686567164179
0.006369426751592357
0.017543859649122806
0.011160714285714286
0.02142857142857143
0.0
0.0
0.0
0.0
0.01
0.01488833746898263
0.0043859649122807015
0.015037593984962405
0.0273972602739726
0.0035587188612099642
0.0
0.0045662100456621
0.014925373134328358
0.004329004329004329
0.004739336492890996
0.007936507936507936
0.0163265306122449
0.0
0.019021739130434784
0.005154639175257732
0.0
0.0
0.025089605734767026
0.0
0.034334763948497854
0.01948051948051948
0.0043859649122807015
0.006060606060606061
0.04597701149425287
0.0
0.020080321285140562
0.021834061135371178
0.02459016393442623
0.008733624454148471
0
0.010964912280701754
0.008528784648187633
0.010948905109489052
0.0136986301369863
0.0033222591362126247
0.009259259259259259
0.023952095808383235
0.012539184952978056
0.0199501246882793
0.0
0.016304347826086956
0.006230529595015576
0.022222222222222223
0.020161290322580645
0.0
0.01990049751243781
0.011312217194570135
0.0033112582781456954
0.013574660633484163
0.012145748987854251
0.0
0.010752688172043012
0.017699115044247787
0.011627906976744186
0.01639344262295082
0.0
0.0
0.037037037037037035
0.0
0.012422360248447204
0.005291005291005291
0.00684931506849315
0.004576659038901602
0.02356020942408377
0.010380622837370242
0.003401360544217687
0.013953488372093023
0.0
0.008130081300813009
0.009569377990430622
0.004524886877828055
0.008174386920980926
0.011811023622047244
0.0
0.0
0.009287925696594427
0.0111731843575419
0.0
0.009146341463414634
0.011730205278592375
0.020348837209302327
0.02
0.0
0.0070921985815602835
0.0
0
0.003289473684210526
0.006472491909385114
0.0035714285714285713
0.0
0.010610079575596816
0.00881057268722467
0.0028089887640449437
0.0
0.008333333333333333
0.00881057268722467
0.02356902356902357
0.0
0.038461538461538464
0.0
0.0
0.011857707509881422
0.006802721088435374
0
0.011834319526627219
0.004291845493562232
0.0
0.003937007874015748
0.015810276679841896
0.00974025974025974
0.012345679012345678
0.011049723756906077
0.01694915254237288
0.0136986301369863
0.0
0.0165016501650165
0.00392156862745098
0.0169971671388102
0.0
0.015625
0.009433962264150943
0.0
0.007874015748031496
0.008
0.024691358024691357
0.0
0.013297872340425532
0.004830917874396135
0.017241379310344827
0.005747126436781609
0.011857707509881422
0.003205128205128205
0.0070921985815602835
0.026246719160104987
0.004672897196261682
0.008849557522123894
0.005555555555555556
0.013114754098360656
0.02577319587628866
0.006600660066006601
0.013850415512465374
0.0
0.024242424242424242
0.0035211267605633804
0.01639344262295082
0.02631578947368421
0.03076923076923077
0.026905829596412557
0.0069767441860465115
0.012254901960784314
0.0
0.0
0.0
0.006097560975609756
0.024691358024691357
0.0
0.009433962264150943
0.0091324200913242
0.003257328990228013
0.016574585635359115
0.0
0.02242152466367713
0.01639344262295082
0.005555555555555556
0.018656716417910446
0.0031847133757961785
0.011396011396011397
0.0
0.006711409395973154
0.024291497975708502
0.0036900369003690036
0.008130081300813009
0.0
0.0033444816053511705
0.006153846153846154
0.011976047904191617
0.0
0.0
0.020202020202020204
0.0
0.006557377049180328
0.025423728813559324
0.012244897959183673
0.016891891891891893
0.013793103448275862
0.015384615384615385
0.009259259259259259
0.004975124378109453
0.022727272727272728
0.006688963210702341
0.005714285714285714
0.034013605442176874
0.012461059190031152
0.0035714285714285713
0.01838235294117647
0.0
0.0047169811320754715
0.0
0.0
0.02912621359223301
0.008928571428571428
0.005780346820809248
0.0058823529411764705
0.010416666666666666
0.008695652173913044
0.005747126436781609
0.009708737864077669
0.03686635944700461
0.019933554817275746
0.0036496350364963502
0.008645533141210375
0.011278195488721804
0.0
0.020761245674740483
0.03067484662576687
0.002583979328165375
0.0
0.012605042016806723
0.015503875968992248
0.0
0.03162055335968379
0.021367521367521368
0.01556420233463035
0.024291497975708502
0.010309278350515464
0.0
0.0
0.01020408163265306
0.006172839506172839
0.023809523809523808
0.020202020202020204
0.0036496350364963502
0.029411764705882353
0.0
0.01834862385321101
0.007281553398058253
0.0
0.015151515151515152
0.01730103806228374
0.011111111111111112
0.03349282296650718
0.012121212121212121
0.022388059701492536
0.0
0.05027932960893855
0.01728395061728395
0.023529411764705882
0.021341463414634148
0.0070921985815602835
0.029045643153526972
0.0
0.007751937984496124
0.018867924528301886
0.0
0.0
0.0
0.032388663967611336
0.0
0.01937984496124031
0.0
0.0136986301369863
0.01276595744680851
0.012552301255230125
0.017316017316017316
0.008032128514056224
0.010344827586206896
0.011111111111111112
0.011235955056179775
0.0
0.01
0.0
0.0149812734082397
0.0
0.005319148936170213
0.031578947368421054
0.0
0.0
0.01773049645390071
0.023696682464454975
0.0
0.010869565217391304
0.014652014652014652
0.006369426751592357
0.007352941176470588
0.0
0.006711409395973154
0.027522935779816515
0.009569377990430622
0.006756756756756757
0.013333333333333334
0.010309278350515464
0.0
0.007782101167315175
0.0055248618784530384
0.012448132780082987
0.01020408163265306
0.016666666666666666
0.005555555555555556
0.014492753623188406
0.025547445255474453
0.011764705882352941
0.012987012987012988
0.006622516556291391
0.005555555555555556
0.017964071856287425
0.01098901098901099
0.0055248618784530384
0.0078125
0.015625
0.015625
0.0
0.009389671361502348
0.030303030303030304
0.013761467889908258
0.011194029850746268
0.02336448598130841
0.012539184952978056
0.007042253521126761
0.02734375
0.006993006993006993
0.014598540145985401
0.021551724137931036
0.008
0.0
0.00816326530612245
0.016666666666666666
0.038461538461538464
0.01718213058419244
0.007936507936507936
0.013824884792626729
0.00749063670411985
0.011976047904191617
0.0
0.01910828025477707
0.004
0.009345794392523364
0.03333333333333333
0.00974025974025974
0.009615384615384616
0.012232415902140673
0.016666666666666666
0.0
0.0
0.006153846153846154
0.003937007874015748
0.008298755186721992
0.02247191011235955
0.0
0.00392156862745098
0.00847457627118644
0.008849557522123894
0
0.0163265306122449
0.022556390977443608
0.013824884792626729
0.009900990099009901
0.003816793893129771
0.010948905109489052
0.017699115044247787
0.015810276679841896
0.009950248756218905
0.008064516129032258
0.0
0.00641025641025641
0.011235955056179775
0.0
0.0
0.01858736059479554
0.009708737864077669
0.010752688172043012
0.01809954751131222
0.007462686567164179
0.007067137809187279
0.009708737864077669
0.0
0.0
0.008902077151335312
0.0
0.0
0.004149377593360996
0.0
0.0
0.010135135135135136
0.012738853503184714
0.006289308176100629
0.0
0.0
0.01092896174863388
0.04
0.019230769230769232
0.004464285714285714
0.0
0.008064516129032258
0.0
0.011235955056179775
0.06666666666666667
0.01818181818181818
0.005154639175257732
0.0035460992907801418
0.009868421052631578
0.0
0.0
0.03187250996015936
0.004032258064516129
0.0
0.0
0.020161290322580645
0.01834862385321101
0.0045045045045045045
0.010526315789473684
0
0.014598540145985401
0.0
0.0
0.011976047904191617
0.012539184952978056
0.00967741935483871
0.011730205278592375
0.00851063829787234
0.013333333333333334
0.0
0.019230769230769232
0.0
0.015
0.01680672268907563
0.01568627450980392
0.009389671361502348
0.006289308176100629
0.01020408163265306
0.012295081967213115
0.0
0.007220216606498195
0.010810810810810811
0.006666666666666667
0.010344827586206896
0.0
0.0
0.03305785123966942
0.020942408376963352
0.01532567049808429
0.0
0.00641025641025641
0.008403361344537815
0.034653465346534656
0.014705882352941176
0
0.010752688172043012
0.00546448087431694
0.018957345971563982
0.016666666666666666
0.011111111111111112
0.007751937984496124
0.010752688172043012
0.011235955056179775
0.015748031496062992
0.0
0.026515151515151516
0.0
0.010676156583629894
0.03333333333333333
0.004761904761904762
0
0.006896551724137931
0.011494252873563218
0.013651877133105802
0.005847953216374269
0.02768166089965398
0.009433962264150943
0.0
0.009554140127388535
0.010471204188481676
0.0
0.0
0.0
0.0
0.013071895424836602
0.013245033112582781
0.016129032258064516
0.020618556701030927
0.0
0.004219409282700422
0.009852216748768473
0.009433962264150943
0.0
0.022026431718061675
0.024630541871921183
0.007220216606498195
0.007692307692307693
0.004651162790697674
0.0
0.003205128205128205
0.008888888888888889
0.0
0.007194244604316547
0.00823045267489712
0
0.009708737864077669
0.020066889632107024
0.006289308176100629
0.009345794392523364
0.0
0.00392156862745098
0.029411764705882353
0.0
0.006944444444444444
0.011673151750972763
0.04285714285714286
0.008695652173913044
0.006134969325153374
0.014492753623188406
0.011730205278592375
0.00411522633744856
0.017167381974248927
0.010676156583629894
0.0072992700729927005
0.01532567049808429
0.014234875444839857
0.0
0.013636363636363636
0
0.008658008658008658
0.0
0.023668639053254437
0.016574585635359115
0.0049261083743842365
0.0
0.012448132780082987
0.008
0.015306122448979591
0.015228426395939087
0.0
0.006993006993006993
0.005434782608695652
0.012
0.021875
0.004694835680751174
0.010362694300518135
0.026923076923076925
0.016129032258064516
0.0045871559633027525
0.0058823529411764705
0.006711409395973154
0.0
0.0
0.01020408163265306
0.0
0.010638297872340425
0.01875
0.007462686567164179
0.0070921985815602835
0.016339869281045753
0.00909090909090909
0.011111111111111112
0.00558659217877095
0.0
0.022222222222222223
0.02197802197802198
0.00546448087431694
0.019704433497536946
0.007936507936507936
0.005235602094240838
0.010452961672473868
0.0
0.0
0.014150943396226415
0.0
0.003968253968253968
0.007547169811320755
0.017467248908296942
0.02214022140221402
0.00819672131147541
0.024096385542168676
0.006329113924050633
0.024
0.028409090909090908
0.03333333333333333
0.00398406374501992
0.019417475728155338
0.009523809523809525
0.0
0.003703703703703704
0.0
0.0070921985815602835
0.0
0.014134275618374558
0.013824884792626729
0.0038461538461538464
0.0037313432835820895
0.01444043321299639
0.016666666666666666
0.0
0.027649769585253458
0.0
0.0
0.0
0.0
0.012244897959183673
0
0.00819672131147541
0.0163265306122449
0.014084507042253521
0.007905138339920948
0.020477815699658702
0.0
0.008438818565400843
0.0078125
0.0
0.013392857142857142
0.005263157894736842
0.011627906976744186
0.008130081300813009
0.004878048780487805
0.003401360544217687
0.032467532467532464
0.0053475935828877
0.009569377990430622
0.011363636363636364
0.01694915254237288
0.007633587786259542
0.0
0.015384615384615385
0.006896551724137931
0.02510460251046025
0.031088082901554404
0.005681818181818182
0.024390243902439025
0.021739130434782608
0.03571428571428571
0.0
0.0055248618784530384
0.007751937984496124
0.015209125475285171
0.007518796992481203
0.021505376344086023
0.0
0.0
0.0037735849056603774
0.005813953488372093
0.012195121951219513
0.0
0.014018691588785047
0.015706806282722512
0.014492753623188406
0.0033333333333333335
0.0037735849056603774
0.027472527472527472
0.008130081300813009
0
0.0
0.018867924528301886
0.01744186046511628
0.011904761904761904
0.009216589861751152
0.007462686567164179
0.009174311926605505
0.0038314176245210726
0.01951219512195122
0.0
0.014150943396226415
0.0
0.010752688172043012
0.009216589861751152
0.018518518518518517
0.008
0.007352941176470588
0.0055248618784530384
0.0
0.024390243902439025
0.01092896174863388
0.030303030303030304
0.018518518518518517
0.0163265306122449
0.006968641114982578
0.007874015748031496
0.004545454545454545
0.02127659574468085
0.00625
0.0
0.0
0.0
0.007407407407407408
0.018726591760299626
0.022988505747126436
0.008620689655172414
0.0
0.021052631578947368
0.0
0.01048951048951049
0.018808777429467086
0.01020408163265306
0.027777777777777776
0.00949367088607595
0.01809954751131222
0.0
0.022222222222222223
0.009523809523809525
0.0072992700729927005
0.0189873417721519
0.010416666666666666
0.006993006993006993
0.009523809523809525
0.013043478260869565
0.00851063829787234
0.024096385542168676
0.0
0.01775147928994083
0.018518518518518517
0.031578947368421054
0.0
0.012396694214876033
0.007547169811320755
0.0
0.0071174377224199285
0.006329113924050633
0.008264462809917356
0.006329113924050633
0.027210884353741496
0.01015228426395939
0.02197802197802198
0.008032128514056224
0
0.0
0.0
0.0
0.0
0.01276595744680851
0.0
0.0
0.0
0.014285714285714285
0.008928571428571428
0.007518796992481203
0.006802721088435374
0.014598540145985401
0.015873015873015872
0.01904761904761905
0.003787878787878788
0.003937007874015748
0.01282051282051282
0.009009009009009009
0.022988505747126436
0.0
0.0
0.015544041450777202
0.008583690987124463
0.007518796992481203
0.00966183574879227
0.0
0.008695652173913044
0.0
0.01098901098901099
0.01015228426395939
0.0176678445229682
0.03076923076923077
0.004830917874396135
0.025
0.003215434083601286
0.0
0.012096774193548387
0.0043859649122807015
0.012
0.004081632653061225
0.008403361344537815
0.011111111111111112
0.007220216606498195
0.00641025641025641
0.02247191011235955
0.008333333333333333
0.024096385542168676
0.009554140127388535
0.0
0.0
0.0
0.020100502512562814
0.02666666666666667
0.02040816326530612
0.006993006993006993
0.008928571428571428
0.014492753623188406
0.009009009009009009
0.0
0.012195121951219513
0.004545454545454545
0.022935779816513763
0.006309148264984227
0.006944444444444444
0.009345794392523364
0.025
0.003663003663003663
0.019083969465648856
0.008771929824561403
0.010362694300518135
0.01532567049808429
0.0
0.006756756756756757
0.0
0.010101010101010102
0.01282051282051282
0
0.006622516556291391
0.06666666666666667
0.0
0.02252252252252252
0.00974025974025974
0.023529411764705882
0.017937219730941704
0.0
0.004761904761904762
0.013333333333333334
0.027888446215139442
0.02040816326530612
0.014285714285714285
0.005376344086021506
0.011428571428571429
0.013793103448275862
0.017543859649122806
0.005405405405405406
0.0
0.030837004405286344
0.0
0.03529411764705882
0.03787878787878788
0.011363636363636364
0.005050505050505051
0.0
0.005128205128205128
0.0047169811320754715
0.005128205128205128
0.009708737864077669
0.010238907849829351
0.0
0.0
0.0035211267605633804
0.0
0.0
0.006756756756756757
0.0
0.0
0.0
0.005555555555555556
0.018404907975460124
0.013793103448275862
0.007407407407407408
0.011857707509881422
0.0
0.014388489208633094
0.0
0.01875
0.009708737864077669
0.0
0.01935483870967742
0.003389830508474576
0.012987012987012988
0.011695906432748537
0.016216216216216217
0.0
0.00823045267489712
0.011560693641618497
0.014285714285714285
0.017777777777777778
0.007246376811594203
0.018633540372670808
0.0
0.023809523809523808
0.0
0.00847457627118644
0.007662835249042145
0.014218009478672985
0.010309278350515464
0.011406844106463879
0.0
0.011235955056179775
0.011235955056179775
0.006622516556291391
0.007042253521126761
0.026490066225165563
0.014218009478672985
0.014598540145985401
0.0
0.013043478260869565
0.0091324200913242
0.008097165991902834
0.0
0.02197802197802198
0.004032258064516129
0.004761904761904762
0.009708737864077669
0.005434782608695652
0.0
0.013100436681222707
0.012195121951219513
0
0.018433179723502304
0.0
0.0
0.005
0.0
0.0
0.025477707006369428
0.0
0.005494505494505495
0.0
0.04054054054054054
0.0
0.0
0.009389671361502348
0.0
0.01
0.0070921985815602835
0.0
0.0
0
0.004291845493562232
0.02857142857142857
0.00510204081632653
0.016666666666666666
0.013888888888888888
0.003816793893129771
0.0
0.01282051282051282
0.013793103448275862
0.006134969325153374
0.012269938650306749
0.009478672985781991
0.0
0.018633540372670808
0.02702702702702703
0.020833333333333332
0.015463917525773196
0.013513513513513514
0.0
0.014598540145985401
0.014388489208633094
0.031496062992125984
0.04040404040404041
0.0
0.00510204081632653
0.005076142131979695
0.007352941176470588
0.0
0.016216216216216217
0
0.02577319587628866
0.004405286343612335
0.0
0.011560693641618497
0.007352941176470588
0.025
0.0
0.018072289156626505
0.020080321285140562
0.0
0.022058823529411766
0.0
0.0
0.0
0.009345794392523364
0.02197802197802198
0.0
0.0
0.0
0.005747126436781609
0.0
0.010362694300518135
0.016260162601626018
0.0
0.02702702702702703
0.0044444444444444444
0.025974025974025976
0.005847953216374269
0.024390243902439025
0.0
0.02127659574468085
0.00975609756097561
0.0
0.005050505050505051
0.004651162790697674
0.025
0.00749063670411985
0.0
0.004784688995215311
0.0
0.0048543689320388345
0
0.006578947368421052
0.0
0.03296703296703297
0.0
0.0
0.005154639175257732
0.011049723756906077
0.0
0.0
0.0
0.00881057268722467
0.01532567049808429
0.044444444444444446
0.0
0.046242774566473986
0.023952095808383235
0
0.0
0.0055248618784530384
0.010256410256410256
0.023529411764705882
0.0
0.006097560975609756
0.0
0.009389671361502348
0.0
0.011811023622047244
0.01327433628318584
0.01107011070110701
0.0
0.0
0.03773584905660377
0.005291005291005291
0.00966183574879227
0.011583011583011582
0.012903225806451613
0.014218009478672985
0.012048192771084338
0.0
0.015873015873015872
0.006535947712418301
0.024193548387096774
0.022026431718061675
0.015267175572519083
0.008620689655172414
0.013986013986013986
0.0
0.02336448598130841
0.004081632653061225
0.01
0.009009009009009009
0.009478672985781991
0.00546448087431694
0.0
0.017985611510791366
0.011278195488721804
0.008771929824561403
0.0045045045045045045
0.0
0.010638297872340425
0.013605442176870748
0.009302325581395349
0.005
0.009569377990430622
0.005681818181818182
0.0
0.023255813953488372
0.00847457627118644
0
0
0.0
0.0
0.00546448087431694
0.00796812749003984
0.011049723756906077
0.0425531914893617
0.0
0.00881057268722467
0.00909090909090909
0.02
0.02040816326530612
0.0
0.024793388429752067
0.013574660633484163
0.04132231404958678
0.010416666666666666
0.003401360544217687
0.0
0.0
0.0
0.006622516556291391
0.016483516483516484
0.013513513513513514
0.015306122448979591
0.005050505050505051
0.013605442176870748
0.009615384615384616
0.014563106796116505
0.01327433628318584
0.00847457627118644
0.007352941176470588
0.015384615384615385
0.019417475728155338
0.0
0.0
0.0
0.0
0.021929824561403508
0.005780346820809248
0.0
0.00975609756097561
0.0
0.0234375
0.012987012987012988
0.023809523809523808
0.04285714285714286
0.0
0.0
0.0
0.007518796992481203
0.012345679012345678
0.0
0.009259259259259259
0.004273504273504274
0.01507537688442211
0.0
0.015151515151515152
0.0
0.016194331983805668
0.019138755980861243
0.017241379310344827
0.0
0.015228426395939087
0.008032128514056224
0.015625
0.0
0.03529411764705882
0.0
0.01762114537444934
0.009708737864077669
0.006578947368421052
0.0
0.0
0.0
0.020100502512562814
0
0.013605442176870748
0.0
0.005319148936170213
0.00980392156862745
0.004201680672268907
0.005291005291005291
0.011834319526627219
0.007462686567164179
0.005208333333333333
0.008771929824561403
0.011111111111111112
0.0038910505836575876
0.0
0.0
0.0
0.005649717514124294
0.011560693641618497
0.013793103448275862
0.024539877300613498
0.0
0.025
0.007142857142857143
0.006060606060606061
0.011695906432748537
0.012658227848101266
0.0
0.005813953488372093
0.011111111111111112
0.016129032258064516
0.014778325123152709
0.02247191011235955
0.006097560975609756
0.013605442176870748
0.0
0
0.0
0.0
0.010526315789473684
0.019417475728155338
0.006535947712418301
0.015957446808510637
0.009615384615384616
0.0
0.0
0.0
0.005780346820809248
0.01694915254237288
0.00851063829787234
0.013071895424836602
0.0
0.007633587786259542
0.0
0.005208333333333333
0.0136986301369863
0.015384615384615385
0.0
0.0
0.0
0.016666666666666666
0.025
0.005
0.015037593984962405
0.017341040462427744
0.007142857142857143
0.017543859649122806
0.00784313725490196
0.011695906432748537
0
0.0
0.0
0.005319148936170213
0.011695906432748537
0.015151515151515152
0.017857142857142856
0
0.0
0.022900763358778626
0.008333333333333333
0.01910828025477707
0.0
0.06666666666666667
0.006493506493506494
0.015151515151515152
0.0
0.0
0.0
0.0
0
0
0.021621621621621623
0.04285714285714286
0.008695652173913044
0.0
0.015873015873015872
0.004098360655737705
0.0
0
0.016
0.0
0.0
0.01
0.011235955056179775
0.010416666666666666
0.038834951456310676
0.0
0.0
0.009900990099009901
0.031746031746031744
0.0
0.01818181818181818
0
0.013157894736842105
0.014084507042253521
0.02608695652173913
0.005025125628140704
0.0
0.0
0.01020408163265306
0.004347826086956522
0.013043478260869565
0.02702702702702703
0.005291005291005291
0.0
0.024691358024691357
0.0
0.0
0
0.00975609756097561
0.0
0.0
0.0
0.017094017094017096
0
0.00510204081632653
0.0
0.0
0.0
0.020100502512562814
0.004672897196261682
0.015503875968992248
0.009259259259259259
0.03
0.008547008547008548
0.008658008658008658
0.01282051282051282
0.0
0.028409090909090908
0
0.02727272727272727
0.017391304347826087
0.008620689655172414
0.0
0.014354066985645933
0
0.006666666666666667
0.03125
0.0
0.0
0.0
0.016666666666666666
0.02631578947368421
0.013953488372093023
0.018433179723502304
0.0
0.0
0.02247191011235955
0.0
0.03278688524590164
0.007633587786259542
0.005154639175257732
0.011834319526627219
0.0
0.016042780748663103
0.021164021164021163
0.016129032258064516
0.0
0.0125
0.006134969325153374
0
0.0
0.006711409395973154
0.005405405405405406
0.0
0
0.022099447513812154
0
0.015873015873015872
0.007936507936507936
0.022058823529411766
0.0
0.006329113924050633
0.022556390977443608
0.0111731843575419
0.0
0.008547008547008548
0.00816326530612245
0.019867549668874173
0.0
0.0
0.0
0.0136986301369863
0.011764705882352941
0.02112676056338028
0.005780346820809248
0.0
0.01935483870967742
0.00847457627118644
0.0
0.008888888888888889
0.020942408376963352
0.004975124378109453
0
0.015306122448979591
0.008968609865470852
0.014084507042253521
0.0
0.0
0.0
0.0
0.011428571428571429
0.0056179775280898875
0
0.014814814814814815
0.011627906976744186
0.016666666666666666
0.008968609865470852
0.013422818791946308
0.006369426751592357
0.016129032258064516
0.008333333333333333
0.012658227848101266
0.0
0.006711409395973154
0.01
0.004761904761904762
0
0.0072992700729927005
0.0
0.00625
0.007633587786259542
0.005988023952095809
0.0
0.022988505747126436
0.042105263157894736
0.009708737864077669
0.02027027027027027
0.02564102564102564
0.0106951871657754
0.0
0.013100436681222707
0.006578947368421052
0.014388489208633094
0.024
0.02564102564102564
0.017241379310344827
0.005681818181818182
0.005555555555555556
0.0
0.0
0.004878048780487805
0.016304347826086956
0.022222222222222223
0.00641025641025641
0.016
0.0
0.04
0.0058823529411764705
0.016042780748663103
0.0
0.023529411764705882
0.007462686567164179
0.0
0.0
0.0
0.0
0.011363636363636364
0.005917159763313609
0.023529411764705882
0
0
0.0821917808219178
0.0111731843575419
0.007194244604316547
0.0
0.017857142857142856
0.006097560975609756
0.020689655172413793
0.014705882352941176
0.01098901098901099
0.0045871559633027525
0.0
0.0
0.032467532467532464
0.013793103448275862
0.00881057268722467
0.0
0.01282051282051282
0.005555555555555556
0.005681818181818182
0.0
0.014388489208633094
0.012269938650306749
0.02702702702702703
0.0
0.0
0.0
0.02127659574468085
0.011976047904191617
0.0
0.0
0.017241379310344827
0.006802721088435374
0.004784688995215311
0.0
0.006896551724137931
0.010309278350515464
0.0
0.0078125
0.0
0.0
0
0.0
0.0
0.014423076923076924
0.05405405405405406
0.006578947368421052
0.01951219512195122
0.009615384615384616
0.023255813953488372
0.015873015873015872
0.010638297872340425
0.0
0.0
0.02127659574468085
0.006756756756756757
0.0
0.013888888888888888
0.016129032258064516
0.008620689655172414
0.014084507042253521
0.0
0.0
0.0
0.0
0.010309278350515464
0.008928571428571428
0.024390243902439025
0.013157894736842105
0.0
0.0
0.01675977653631285
0.017857142857142856
0.016574585635359115
0.0
0.0
0.007633587786259542
0.0
0.0
0.0
0.05333333333333334
0.0
0.0
0.0
0.01935483870967742
0.006172839506172839
0.019867549668874173
0.011111111111111112
0.0
0.0
0.02702702702702703
0.006211180124223602
0.061224489795918366
0.004016064257028112
0.005747126436781609
0.0
0.0
0.024242424242424242
0.0047169811320754715
0.0
0.005555555555555556
0
0.013422818791946308
0.005405405405405406
0.006289308176100629
0.010050251256281407
0.020618556701030927
0.0
0.014285714285714285
0.006944444444444444
0.0
0.008333333333333333
0.01652892561983471
0.008064516129032258
0.0106951871657754
0.0273224043715847
0.011235955056179775
0.012345679012345678
0.0
0.013245033112582781
0.010810810810810811
0
0.006711409395973154
0.0
0
0.0
0.0
0.004629629629629629
0.009259259259259259
0.015384615384615385
0.008695652173913044
0.0
0.015503875968992248
0.018518518518518517
0.02142857142857143
0.007936507936507936
0.006289308176100629
0.0
0.0
0.0
0.013888888888888888
0.0
0.008658008658008658
0.012195121951219513
0.0
0.02531645569620253
0.011111111111111112
0.00684931506849315
0.0
0.008695652173913044
0.008403361344537815
0.0
0
0.0
0.0
0.006578947368421052
0.0
0.01904761904761905
0.012987012987012988
0.0273972602739726
0.08
0.016260162601626018
0.0
0.0
0.04
0.02727272727272727
0.0
0.0
0.02666666666666667
0.0
0.015384615384615385
0.0189873417721519
0.009569377990430622
0.004739336492890996
0.016666666666666666
0.02631578947368421
0.006666666666666667
0.0
0.0136986301369863
0.009009009009009009
0.024539877300613498
0
0.011764705882352941
0.030927835051546393
0.009708737864077669
0
0.0
0.01694915254237288
0.0
0.025906735751295335
0.015151515151515152
0.05405405405405406
0.0
0.006622516556291391
0.005128205128205128
0.00558659217877095
0.0
0.0
0.014598540145985401
0.004975124378109453
0
0.009259259259259259
0.0
0
0.0
0.025
0.02830188679245283
0
0.008771929824561403
0.011049723756906077
0
0
0.0
0.0
0.023255813953488372
0.0
0.036036036036036036
0
0.0
0.0
0.0
0.0
0.006211180124223602
0.004784688995215311
0.015748031496062992
0.0
0.0
0.0
0.005747126436781609
0.016666666666666666
0.0
0.015503875968992248
0.0
0.005952380952380952
0.0
0.0
0.015873015873015872
0.016574585635359115
0.023809523809523808
0.00909090909090909
0.0
0.0
0.014285714285714285
0.0
0.011494252873563218
0.0
0.025157232704402517
0.0
0.019867549668874173
0.028169014084507043
0.0
0.032467532467532464
0.0
0.0
0.009478672985781991
0.05555555555555555
0
0.008771929824561403
0.006666666666666667
0.008
0.03225806451612903
0.005319148936170213
0.01694915254237288
0.0
0.008547008547008548
0.009009009009009009
0.022222222222222223
0.0
0.015625
0.012345679012345678
0.0
0.0
0.012048192771084338
0.0
0.02054794520547945
0.01282051282051282
0.0
0.027777777777777776
0.007518796992481203
0.0
0.0
0.0070921985815602835
0.0
0.009900990099009901
0.0
0.02142857142857143
0
0.0
0.026785714285714284
0.011627906976744186
0.0
0.0070921985815602835
0.006535947712418301
0.014084507042253521
0.0
0.008695652173913044
0.0
0.02
0
0.0078125
0.005076142131979695
0.004545454545454545
0.009615384615384616
0.014388489208633094
0.009009009009009009
0.022900763358778626
0.02666666666666667
0.0
0.0072992700729927005
0.015384615384615385
0.017045454545454544
0.0
0.0
0.02877697841726619
0.02040816326530612
0
0.0
0.01818181818181818
0.012345679012345678
0.0
0.016042780748663103
0.0
0.00558659217877095
0.02857142857142857
0.036585365853658534
0.0125
0.06666666666666667
0.047058823529411764
0.0
0.01098901098901099
0.0
0.0
0.0
0.015503875968992248
0
0.018867924528301886
0.015873015873015872
0.005681818181818182
0.0297029702970297
0.02127659574468085
0.0
0.06666666666666667
0.006535947712418301
0.0
0.00684931506849315
0.013888888888888888
0.016129032258064516
0.03389830508474576
0
0.0
0.0
0.007407407407407408
0.009708737864077669
0.02097902097902098
0.0
0.0072992700729927005
0.0
0.007751937984496124
0.0136986301369863
0.022222222222222223
0.004464285714285714
0.0
0.01951219512195122
0.017699115044247787
0.013605442176870748
0.02857142857142857
0.0
0.0
0.011111111111111112
0.0
0.006369426751592357
0.011764705882352941
0.009615384615384616
0.00546448087431694
0.0
0.011363636363636364
0.0
0.0
0.0125
0.0
0.006944444444444444
0.029411764705882353
0.0
0.006993006993006993
0.0
0.006756756756756757
0.01818181818181818
0.027586206896551724
0.0
0.011111111111111112
0.043478260869565216
0.0
0.0
0.01744186046511628
0.010582010582010581
0.02666666666666667
0.011627906976744186
0.0
0.0
0.016
0.00980392156862745
0.007407407407407408
0.0
0.030303030303030304
0.0
0.015384615384615385
0.013333333333333334
0.011111111111111112
0.022727272727272728
0.015037593984962405
0.0
0.012658227848101266
0.0
0.0
0.0
0.013605442176870748
0
0.0
0.01935483870967742
0.034482758620689655
0.0
0.014705882352941176
0.010050251256281407
0.0
0
0.03636363636363636
0.0
0.0
0.012048192771084338
0.0078125
0.0
0.0070921985815602835
0.0051813471502590676
0.018404907975460124
0.0
0.02531645569620253
0.017857142857142856
0.02702702702702703
0.0
0.016853932584269662
0.09836065573770492
0
0.02027027027027027
0.0
0.009009009009009009
0.0
0.0
0.006060606060606061
0.0053475935828877
0.025806451612903226
0.013333333333333334
0.025423728813559324
0.011627906976744186
0.0
0.009174311926605505
0.025423728813559324
0.008333333333333333
0.0
0.02112676056338028
0.013793103448275862
0.013986013986013986
0.012578616352201259
0.02702702702702703
0.0
0.0
0
0.0
0.03296703296703297
0.0
0.009950248756218905
0.01694915254237288
0.0
0.0
0.005780346820809248
0.0
0.032467532467532464
0.006535947712418301
0.01680672268907563
0.015625
0.008333333333333333
0.0
0.010309278350515464
0.0
0.017142857142857144
0.0
0.010638297872340425
0.0136986301369863
0.011560693641618497
0.03333333333333333
0.006024096385542169
0
0.0
0.006369426751592357
0.02040816326530612
0.030303030303030304
0.011695906432748537
0.008620689655172414
0.013157894736842105
0.0
0.02127659574468085
0.009259259259259259
0.028368794326241134
0.03508771929824561
0.014814814814814815
0.006329113924050633
0.00980392156862745
0.008403361344537815
0.006493506493506494
0.008
0.0
0.005681818181818182
0.0
0.0
0.007751937984496124
0.0
0.0
0.0
0.005128205128205128
0.0
0.009900990099009901
0.0
0.015384615384615385
0.017341040462427744
0.0
0.0
0.0
0.0
0.016
0
0.0
0
0.007042253521126761
0.011494252873563218
0.010309278350515464
0.00847457627118644
0.008928571428571428
0.006289308176100629
0.006329113924050633
0.016216216216216217
0.02654867256637168
0.0
0.0
0.0
0.0
0.00847457627118644
0.0
0.015873015873015872
0.006993006993006993
0.015503875968992248
0.0
0.0
0.0
0.02040816326530612
0.016304347826086956
0.0
0.0072992700729927005
0.0
0.0
0.03508771929824561
0.0
0.0
0.018633540372670808
0.005
0.044444444444444446
0.0
0.0
0.006535947712418301
0.0
0.0
0.0
0.0
0.00625
0.006711409395973154
0.00847457627118644
0.0
0.038834951456310676
0.009615384615384616
0.0
0.009259259259259259
0.017241379310344827
0.007874015748031496
0.0
0.0
0.02
0.022222222222222223
0.0
0.011494252873563218
0.0
0.014285714285714285
0.0
0.006622516556291391
0.01639344262295082
0.0
0.007246376811594203
0.015873015873015872
0.0
0.024691358024691357
0.0
0.0
0.007874015748031496
0.0
0.010752688172043012
0.015151515151515152
0.0
0.0
0.013986013986013986
0.0
0.007352941176470588
0.006896551724137931
0.0
0
0.007142857142857143
0.0
0.0
0.0
0.0125
0.0
0.0
0.0
0.0
0.0
0.0
0.0
0.0
0.0
0.019230769230769232
0.00641025641025641
0.016483516483516484
0.010416666666666666
0.0
0.010309278350515464
0.0
0.005405405405405406
0.015267175572519083
0
0.0
0.02702702702702703
0.008849557522123894
0.009708737864077669
0.0
0.0
0.0
0.011976047904191617
0.011428571428571429
0.005747126436781609
0.0
0.0
0.0
0.0
0.015037593984962405
0.011764705882352941
0.019801980198019802
0.006802721088435374
0.024193548387096774
0.011428571428571429
0.03571428571428571
0.0234375
0.007194244604316547
0.030303030303030304
0.0
0.022222222222222223
0.0
0.0
0.011235955056179775
0.018691588785046728
0.009523809523809525
0.0
0.026785714285714284
0.008403361344537815
0.009615384615384616
0.0
0.011976047904191617
0.008695652173913044
0.0056179775280898875
0.0
0.007142857142857143
0.005988023952095809
0.008695652173913044
0.0070921985815602835
0.0
0.02112676056338028
0.029850746268656716
0.0
0.0
0.0
0.014285714285714285
0.022988505747126436
0.017699115044247787
0.021052631578947368
0.012195121951219513
0.0392156862745098
0.011363636363636364
0.0
0.02
0.008620689655172414
0.0
0.0
0.018018018018018018
0.0
0.0
0.007246376811594203
0.0
0.0
0.0
0.016
0.0
0.0
0.0
0.011049723756906077
0.0
0.0078125
0.011494252873563218
0.008695652173913044
0.009009009009009009
0.0
0.012903225806451613
0.038834951456310676
0.0
0.01744186046511628
0.007352941176470588
0.05084745762711865
0.0196078431372549
0.0
0.014705882352941176
0
0
0.00909090909090909
0.0
0.006578947368421052
0.03333333333333333
0.0
0.022058823529411766
0.018518518518518517
0.013245033112582781
0.0
0.0
0.007936507936507936
0.011904761904761904
0.007936507936507936
0.0
0.0
0.0
0.022727272727272728
0.016666666666666666
0.0
0.0
0.01834862385321101
0.014492753623188406
0.0
0.013888888888888888
0.0
0.02877697841726619
0.0070921985815602835
0.0
0.031914893617021274
0.025
0.01282051282051282
0.0048543689320388345
0
0.018518518518518517
0.02097902097902098
0.0
0.016666666666666666
0.007407407407407408
0.00980392156862745
0.0
0
0.006493506493506494
0
0.0
0.0
0.0
0.0
0.0
0.008064516129032258
0.0
0.0
0.014084507042253521
0.00684931506849315
0.0
0.012195121951219513
0.008064516129032258
0.0
0.0
0.011111111111111112
0.0
0.0
0.0
0.0
0.007936507936507936
0.036036036036036036
0.014492753623188406
0.01694915254237288
0.014598540145985401
0
0.0
0.0
0.015873015873015872
0.02564102564102564
0.005555555555555556
0.0
0.008064516129032258
0.03125
0.0
0.0
0.015957446808510637
0.0
0.017543859649122806
0.006944444444444444
0.0
0.0
0.032
0.017857142857142856
0.005917159763313609
0.0
0.024096385542168676
0.01639344262295082
0.00847457627118644
0.0058823529411764705
0.05263157894736842
0.006172839506172839
0.0
0.02112676056338028
0.006993006993006993
0.0
0.0
0.013605442176870748
0.007692307692307693
0.039473684210526314
0.0
0.0136986301369863
0.01282051282051282
0.007692307692307693
0.006369426751592357
0.00625
0
0.03333333333333333
0.019801980198019802
0.007633587786259542
0.0
0.0
0.0
0.013422818791946308
0.0
0.0
0.0
0.009708737864077669
0.028169014084507043
0.008695652173913044
0.0064516129032258064
0.017857142857142856
0
0.0
0.013333333333333334
0.0
0.010869565217391304
0.016666666666666666
0.0
0.0
0.02586206896551724
0.0
0.0
0.0
0.013513513513513514
0.0
0.010101010101010102
0.0
0.014814814814814815
0.034782608695652174
0
0.017391304347826087
0.023255813953488372
0.023809523809523808
0.01680672268907563
0.031746031746031744
0.0
0.0
0.0
0.016853932584269662
0
0.025
0.0
0.0
0.027777777777777776
0.0
0.016666666666666666
0.0
0.0
0.0
0.0
0.01020408163265306
0.033707865168539325
0.0
0.0
0.0
0.0
0.006944444444444444
0.023255813953488372
0.0
0.0
0.022222222222222223
0.014492753623188406
0.0
0.006711409395973154
0.007462686567164179
0.0
0.0
0.06060606060606061
0.014705882352941176
0.0
0.006097560975609756
0.013333333333333334
0.03597122302158273
0.013513513513513514
0.0
0.006211180124223602
0
0.0
0.008695652173913044
0.015267175572519083
0.0064516129032258064
0.015625
0.0
0.01
0.010869565217391304
0.0
0.037037037037037035
0.01639344262295082
0.013513513513513514
0.0
0.006097560975609756
0.031914893617021274
0.011627906976744186
0.0
0.0
0.0
0.0
0.014184397163120567
0.008849557522123894
0.0058823529411764705
0.0
0.0
0
0.03125
0.014814814814814815
0.025
0.011363636363636364
0.006060606060606061
0.030612244897959183
0.0
0.0
0.0
0.0
0.0
0.025
0.0
0.0058823529411764705
0.0
0.0136986301369863
0.012987012987012988
0.0
0.0
0
0.0
0.0
0.03333333333333333
0.0
0.0
0.01652892561983471
0.0
0.0
0
0.011363636363636364
0.02027027027027027
0.017341040462427744
0.009174311926605505
0.006134969325153374
0.02654867256637168
0.008547008547008548
0.0
0.006944444444444444
0.009523809523809525
0
0.015151515151515152
0.0
0.0
0.03488372093023256
0.041666666666666664
0.006944444444444444
0.015873015873015872
0.017699115044247787
0.028037383177570093
0.0125
0.02564102564102564
0.015384615384615385
0.01282051282051282
0.0
0.029411764705882353
0.0
0.0
0.0
0.0
0.02127659574468085
0.014925373134328358
0.008547008547008548
0.031578947368421054
0.008403361344537815
0.0
0.00684931506849315
0.007518796992481203
0.0
0.022222222222222223
0.0
0.0
0.0
0.017241379310344827
0.008928571428571428
0.02142857142857143
0.031578947368421054
0.0
0.0
0.0
0.0
0.022222222222222223
0.0
0.007692307692307693
0.043478260869565216
0.03389830508474576
0.014492753623188406
0.0
0.01680672268907563
0.018518518518518517
0.007518796992481203
0.02830188679245283
0.018518518518518517
0.0
0.023255813953488372
0.006134969325153374
0.0
0.00625
0.01875
0.0
0.0
0.0
0.009009009009009009
0.033707865168539325
0.0
0.008130081300813009
0.014492753623188406
0.0
0.030303030303030304
0.0
0.0
0.008695652173913044
0.0
0.0
0.0
0.03409090909090909
0
0
0.03571428571428571
0.008849557522123894
0.011904761904761904
0.0
0.0
0.013793103448275862
0.0
0.02127659574468085
0.006369426751592357
0.0
0.027777777777777776
0.0
0.0
0.0
0.007352941176470588
0.02040816326530612
0.0
0.009433962264150943
0.0
0.013157894736842105
0
0
0.00980392156862745
0.0
0.0
0
0.01775147928994083
0.013333333333333334
0.0
0.00625
0.0
0
0.0
0.0
0.01639344262295082
0.04285714285714286
0.0
0.022222222222222223
0.008620689655172414
0.0
0.0
0.006896551724137931
0.014084507042253521
0.0
0.0
0.0
0.0
0.010101010101010102
0.0136986301369863
0.014705882352941176
0.007751937984496124
0.009259259259259259
0.031055900621118012
0.0
0.0
0
0.027972027972027972
0.0
0.0
0.016260162601626018
0.012987012987012988
0.03305785123966942
0.0
0.01818181818181818
0.012048192771084338
0.010101010101010102
0.014184397163120567
0.0
0.0
0.008403361344537815
0.0
0.005714285714285714
0
0.0
0
0.0
0.0
0.0136986301369863
0.0
0.013888888888888888
0.023255813953488372
0.0
0.0
0.0
0.03333333333333333
0.0
0.014925373134328358
0.0
0.013986013986013986
0.0
0.0
0
0.012658227848101266
0.0
0.010752688172043012
0.006172839506172839
0.0
0.00819672131147541
0.0
0.0
0.007575757575757576
0.008130081300813009
0.0
0.007407407407407408
0.0
0.0
0.0
0.0
0.032520325203252036
0.01875
0.0
0.011111111111111112
0
0.007352941176470588
0.0
0.0
0.006329113924050633
0.015873015873015872
0.0
0.0
0.0234375
0.017543859649122806
0
0.007936507936507936
0.0
0.007874015748031496
0
0.0
0.0
0.0
0.00909090909090909
0.0
0.00819672131147541
0.02040816326530612
0.011235955056179775
0.0
0.0
0.008620689655172414
0.010309278350515464
0.03333333333333333
0.0
0.009615384615384616
0.0
0.04411764705882353
0.0
0.0
0.0
0.00980392156862745
0.010638297872340425
0.0
0.0
0.0
0.0
0.0
0.00980392156862745
0.022222222222222223
0.02
0.0
0.0
0.0
0.0
0.0
0.03409090909090909
0.010638297872340425
0.0
0.0
0.0
0.0
0.0
0.0
0.0
0.0
0.0
0.006622516556291391
0.0
0.008771929824561403
0.0
0.0
0.008130081300813009
0.0
0.01020408163265306
0.0
0.017094017094017096
0.0
0.0
0.006329113924050633
0.027777777777777776
0.006622516556291391
0.008
0.008403361344537815
0.01282051282051282
0.0
0.0
0.007692307692307693
0.022222222222222223
0.024390243902439025
0.0
0.00641025641025641
0
0.0410958904109589
0.0
0.0
0.017241379310344827
0.010526315789473684
0.01
0.0
0.00847457627118644
0.03529411764705882
0.0
0.02040816326530612
0.015503875968992248
0.0
0.0
0.007042253521126761
0.0
0.019230769230769232
0.025
0.0
0.009259259259259259
0.007194244604316547
0.0
0.0
0.0
0.016260162601626018
0.0
0.0
0.0
0.0
0.008547008547008548
0.017391304347826087
0.021739130434782608
0
0.0
0.0
0.006134969325153374
0.020833333333333332
0.0
0.012195121951219513
0.0
0.024793388429752067
0.006802721088435374
0.0
0.007874015748031496
0.020833333333333332
0.022222222222222223
0.0
0.0
0.0
0.014285714285714285
0.017094017094017096
0.0
0.046511627906976744
0.013513513513513514
0.0
0.006896551724137931
0.0
0.0
0.0
0.0
0
0
0.0
0.00847457627118644
0.0
0.0
0.0
0.013422818791946308
0.0
0.015873015873015872
0.0
0.044444444444444446
0
0
0.0
0.01098901098901099
0.0
0.0078125
0.0
0.0
0.007142857142857143
0.010638297872340425
0.006756756756756757
0.0
0.00641025641025641
0.0
0.0
0.0
0.028985507246376812
0.0
0.008064516129032258
0.04477611940298507
0.0
0.006172839506172839
0.021739130434782608
0.0
0.0
0.016260162601626018
0.014492753623188406
0.014814814814814815
0.0
0.014184397163120567
0.0
0.023809523809523808
0.016129032258064516
0.0
0.0
0.0
0.0
0.0
0.04054054054054054
0.022222222222222223
0.0
0.0
0.0
0.01694915254237288
0.0
0.012345679012345678
0.0
0.0
0.0
0.0
0.0
0.0
0.009259259259259259
0.009009009009009009
0.013986013986013986
0.010752688172043012
0.011627906976744186
0.0
0.013071895424836602
0.0
0.0
0.014388489208633094
0.024390243902439025
0.0
0.0
0.0
0
0
0.0
0.017094017094017096
0.006535947712418301
0.014084507042253521
0.0
0
0.0
0.0
0.0
0.0
0.0
0.013986013986013986
0.0
0
0.0273972602739726
0.0
0.0064516129032258064
0.0
0.0375
0.029197080291970802
0.0
0.0
0.022222222222222223
0.0
0
0.0
0.0
0
0.03614457831325301
0.0
0.025210084033613446
0.0
0.02040816326530612
0.007575757575757576
0.0070921985815602835
0.0
0.0
0
0.0
0.025
0.0
0.0
0.0
0.014492753623188406
0.0
0.0
0.0273972602739726
0.044444444444444446
0.0125
0.0
0.007352941176470588
0.007936507936507936
0.0
0.0
0.0
0.08333333333333333
0.0
0.027777777777777776
0.022222222222222223
0.0
0.0
0.0
0.0
0.011363636363636364
0.0
0.027777777777777776
0
0.006896551724137931
0.0
0.0
0.017391304347826087
0.010526315789473684
0.0
0.0
0.0
0.0
0.007142857142857143
0.047619047619047616
0.0
0.0
0.011764705882352941
0.0
0.0
0.0
0.0072992700729927005
0.014925373134328358
0.024096385542168676
0.0
0.017241379310344827
0.0
0.0
0.008130081300813009
0.0
0.0
0.0
0.007692307692307693
0.007142857142857143
0.0
0.014705882352941176
0.0
0.0
0.08
0.01020408163265306
0.012048192771084338
0.0
0.0
0.0
0.011494252873563218
0.0
0.03333333333333333
0.013333333333333334
0.008
0.011904761904761904
0.010752688172043012
0
0.008620689655172414
0.0
0.0
0
0.023255813953488372
0.012658227848101266
0.023255813953488372
0.0
0.0
0.0
0.011111111111111112
0.00847457627118644
0
0.011111111111111112
0.0
0.0
0.01680672268907563
0.011111111111111112
0.0
0.0
0.0
0.021739130434782608
0.024096385542168676
0.0
0.03225806451612903
0.0
0.009523809523809525
0.011764705882352941
0.0
0.0
0.03508771929824561
0.00847457627118644
0.0
0.011111111111111112
0.0
0.009433962264150943
0.0
0.014814814814814815
0
0.0
0.01020408163265306
0.0
0
0.009259259259259259
0.0
0.017241379310344827
0.0
0.0
0.0
0.012345679012345678
0.013422818791946308
0.008403361344537815
0.0
0.0
0.0
0
0.0
0.0
0.0
0.015037593984962405
0.0
0.0
0.0
0.0
0.0
0.007692307692307693
0.008264462809917356
0.0
0.0
0.0
0.0
0.013333333333333334
0.0
0.013157894736842105
0.0
0.0
0.0
0.0
0.0
0.037037037037037035
0.0
0.0
0.021505376344086023
0.04411764705882353
0.0
0.0
0.0
0.0
0.0
0.012658227848101266
0.006756756756756757
0.0547945205479452
0.0
0.014084507042253521
0.0
0.009174311926605505
0.012048192771084338
0.013888888888888888
0.02912621359223301
0.0
0.0
0.023255813953488372
0.0
0.017391304347826087
0.017391304347826087
0.0
0.0
0.02702702702702703
0.013513513513513514
0.0
0.025210084033613446
0.0
0.041666666666666664
0.007633587786259542
0.0
0.0
0.009615384615384616
0.007518796992481203
0.0
0.0273972602739726
0.0
0.025
0.047619047619047616
0.0
0.0
0.008849557522123894
0.011494252873563218
0.022727272727272728
0.0
0.0
0.0
0.01904761904761905
0.027777777777777776
0.0
0.0
0.011363636363636364
0.0
0.0
0.0
0.0234375
0.013888888888888888
0.0
0.0
0.0
0.023255813953488372
0.0
0.0
0.0
0.0
0.009174311926605505
0.02459016393442623
0.0
0.008771929824561403
0.008064516129032258
0.02666666666666667
0.0
0.0
0.0
0.0
0.0
0.012048192771084338
0
0.0
0.0
0.016666666666666666
0.0
0.0
0.0
0
0.0
0.0
0.011111111111111112
0.0
0.008928571428571428
0.0
0.0
0.018691588785046728
0.0
0.022988505747126436
0
0.0
0.022222222222222223
0.0
0.008130081300813009
0.0
0.0
0.014084507042253521
0.0
0
0.012048192771084338
0.0
0.010309278350515464
0.0
0.0
0.008264462809917356
0.02
0.0
0.023255813953488372
0.0
0.023809523809523808
0.020202020202020204
0.0
0.0
0.02197802197802198
0.0
0.0
0.0
0.009259259259259259
0.0
0.0
0.0
0
0.0
0.0
0.0
0.0125
0.01818181818181818
0.0
0.0
0.0
0.014285714285714285
0.0
0.017857142857142856
0.0
0.0
0.011904761904761904
0.0
0.01020408163265306
0.011363636363636364
0.011363636363636364
0.006711409395973154
0.023076923076923078
0.0125
0.0
0.0
0.0
0.009345794392523364
0.0
0.0
0.008333333333333333
0.0
0.0
0.023809523809523808
0.0
0.008928571428571428
0.014705882352941176
0.0
0.0
0.0
0
0.029411764705882353
0.0
0.017543859649122806
0.0
0.017391304347826087
0.008403361344537815
0.0
0.022222222222222223
0.01680672268907563
0.007633587786259542
0.0
0.01098901098901099
0.018018018018018018
0.008695652173913044
0.0
0.0
0.0
0.009174311926605505
0.0
0.0
0.01694915254237288
0.044444444444444446
0.0
0.0
0.016129032258064516
0.034482758620689655
0.0
0.008547008547008548
0.0
0.0
0.0
0.0
0.009174311926605505
0.0
0.0
0.05
0.009708737864077669
0
0.02040816326530612
0.015873015873015872
0.008849557522123894
0.019801980198019802
0.011235955056179775
0.015873015873015872
0.0
0.0
0
0
0.030927835051546393
0.0
0.034482758620689655
0.0
0.02
0.013333333333333334
0.02857142857142857
0.0
0.016129032258064516
0.0
0.008695652173913044
0.0
0.0
0.0
0.009259259259259259
0.0
0.0
0.0
0.0
0.008333333333333333
0.008130081300813009
0.015625
0.0
0.02040816326530612
0.0
0.0
0.0
0.03508771929824561
0.0
0
0.023529411764705882
0.0
0.03260869565217391
0.013333333333333334
0.019801980198019802
0.028985507246376812
0.0
0.008695652173913044
0.009345794392523364
0.0
0
0.03333333333333333
0.0
0.0
0.0410958904109589
0.025423728813559324
0.022222222222222223
0.0
0.0
0
0.0
0.0
0.0
0.0
0.027777777777777776
0.0
0.01694915254237288
0.0
0.043478260869565216
0.013157894736842105
0.03636363636363636
0.015151515151515152
0.0
0.018518518518518517
0.0
0.0
0.0
0.0449438202247191
0.010416666666666666
0.009708737864077669
0.009433962264150943
0.0
0.0
0.024096385542168676
0.0
0.017857142857142856
0.0
0.015384615384615385
0.0
0.0
0.013513513513513514
0.07547169811320754
0.03571428571428571
0.0
0.0
0.0
0.0
0.03636363636363636
0.045454545454545456
0.0136986301369863
0.0
0
0.0
0.008771929824561403
0.0125
0.022727272727272728
0.0
0.0
0.012048192771084338
0.0
0.0
0.01818181818181818
0.0
0.0
0.0
0.030927835051546393
0.0
0.034482758620689655
0.0
0.017699115044247787
0.013513513513513514
0.0
0.06666666666666667
0.0
0.0
0.0
0.0
0.0
0.027777777777777776
0.012345679012345678
0.0
0.0
0
0.0
0.0
0.0
0.011904761904761904
0.0
0.011111111111111112
0.06666666666666667
0.020833333333333332
0.0
0.0
0.038461538461538464
0.0
0.0
0.008620689655172414
0.0
0.0
0.0
0.0
0.013513513513513514
0.0
0.0
0.0
0.0
0.010101010101010102
0.0
0.017094017094017096
0.01904761904761905
0.0
0
0
0.009900990099009901
0.007751937984496124
0.007518796992481203
0.0
0.01694915254237288
0.046153846153846156
0.017699115044247787
0.03333333333333333
0.038461538461538464
0.0
0
0.020833333333333332
0.0
0.009708737864077669
0.016666666666666666
0.015384615384615385
0
0.0
0.047619047619047616
0.014705882352941176
0.0
0.0
0.0
0.0
0.0
0.0
0.02197802197802198
0.0
0.02666666666666667
0.0
0.012987012987012988
0.009708737864077669
0.030927835051546393
0.015625
0.0
0.03
0.0
0.0
0
0
0.018018018018018018
0.0
0.007462686567164179
0.018691588785046728
0.014285714285714285
0.013333333333333334
0.0
0.0
0.0
0.047619047619047616
0.010869565217391304
0.03529411764705882
0.0
0.0
0.01098901098901099
0.022222222222222223
0
0.02912621359223301
0.022222222222222223
0.009174311926605505
0.0
0.009615384615384616
0.01652892561983471
0.009900990099009901
0.019417475728155338
0.0
0.0
0
0.0
0.0
0.0
0.013333333333333334
0.0
0.0
0.031746031746031744
0.0
0
0.0
0.011627906976744186
0.013513513513513514
0.012987012987012988
0.011627906976744186
0.0
0.0
0.0
0
0.0
0.02564102564102564
0.0
0.0
0.0
0.00909090909090909
0.0
0.0
0.0
0.0
0.0
0
0.0
0.0
0.0
0.0
0.0
0.012345679012345678
0.0
0.0
0.0
0.011235955056179775
0.01020408163265306
0
0.0
0.0
0.0
0.03076923076923077
0.0
0.0
0.0
0.028985507246376812
0.031914893617021274
0.012658227848101266
0.0
0.022222222222222223
0.0
0.008771929824561403
0.018867924528301886
0.0
0.0
0.0
0.011627906976744186
0.0
0.0
0.0
0.0
0.0
0.0
0.0
0.0
0
0.0
0.0
0.0
0.0
0.0
0.0
0.0
0
0.0
0.0
0.016666666666666666
0.01818181818181818
0.008264462809917356
0.016129032258064516
0.0
0.0
0.025974025974025976
0.0
0.02
0.011363636363636364
0.0
0.0
0.007692307692307693
0.03529411764705882
0.0
0.0
0.0
0.0
0.0
0.0
0.0
0.0
0.02531645569620253
0.0
0.0
0.0
0.0
0.0
0.0
0.007751937984496124
0.0
0.0
0.0
0.018691588785046728
0.02857142857142857
0.0
0.0
0.024096385542168676
0.0
0.0
0.018691588785046728
0.0
0.0
0.01818181818181818
0.011627906976744186
0.0
0.008403361344537815
0.0
0.0
0.0
0.0
0.022727272727272728
0.011627906976744186
0.008333333333333333
0.03260869565217391
0.03333333333333333
0.0
0.01098901098901099
0.06666666666666667
0.0
0.0
0.02666666666666667
0.01818181818181818
0.0
0.013333333333333334
0.0
0.0
0.0
0.01904761904761905
0.011627906976744186
0.0
0.0
0.008547008547008548
0.0
0.0
0.0
0.0
0.0
0.0
0.00909090909090909
0.0
0
0.0
0.028169014084507043
0.013333333333333334
0.017543859649122806
0.01
0.0
0.0
0.011111111111111112
0.0
0.011764705882352941
0.0
0.0
0.0
0
0.0
0.0
0.0
0.0
0
0.0
0
0.0
0.017857142857142856
0.021505376344086023
0.009259259259259259
0.016
0.016666666666666666
0.0
0.0392156862745098
0
0.013888888888888888
0.012345679012345678
0
0.025
0.0
0.025
0.016129032258064516
0.0
0.008849557522123894
0.014492753623188406
0.0
0.024691358024691357
0.02
0
0
0.0
0.0
0.018018018018018018
0.009615384615384616
0.03333333333333333
0.018518518518518517
0.0
0.02127659574468085
0.0
0.0
0.02
0.0
0.019801980198019802
0.0
0
0.0
0.01834862385321101
0.01098901098901099
0.0
0.008620689655172414
0.0
0.0
0.01
0
0.0
0.016129032258064516
0.0
0.01020408163265306
0.025974025974025976
0.011904761904761904
0.0
0.013333333333333334
0.0
0.0
0.0
0.0
0.0
0.022988505747126436
0.0
0.00980392156862745
0.0
0.008064516129032258
0
0.0
0.0
0.0
0.0
0.0
0.0
0.0
0.011494252873563218
0.0
0.0
0.0
0.0
0.03125
0.0
0
0.022988505747126436
0
0.0
0.0
0.0
0.02654867256637168
0.0
0.0
0.00980392156862745
0.03896103896103896
0.0
0.0
0.015625
0.0
0.0
0.01680672268907563
0.019230769230769232
0.0
0.0
0.0
0.0
0.0
0.0
0.0
0.0
0.024390243902439025
0.0
0
0.029411764705882353
0
0.018018018018018018
0.03076923076923077
0.0
0.0
0.02857142857142857
0.0
0.016666666666666666
0.010101010101010102
0.03636363636363636
0.0
0.0
0.0
0.014285714285714285
0.024390243902439025
0.0
0.022222222222222223
0.00909090909090909
0.029411764705882353
0.0
0.0
0.0
0.0
0.0
0.011904761904761904
0.020618556701030927
0.0
0.0
0.0
0.01
0.0
0.011494252873563218
0.0
0.0
0.016666666666666666
0.0
0.0
0.0
0.022222222222222223
0.013513513513513514
0.0
0.0
0.0
0.034482758620689655
0.0
0.0
0.01020408163265306
0.0
0.022988505747126436
0.0
0.0
0.0
0.019230769230769232
0.029850746268656716
0.0
0.0
0.0
0.0
0.0
0.0
0.0
0.023529411764705882
0.0
0.010101010101010102
0
0.014705882352941176
0.02702702702702703
0.0
0.0
0.0
0.0
0.0
0.0
0.0
0.017857142857142856
0.0
0.0
0.009433962264150943
0.0
0.03571428571428571
0.014925373134328358
0.022727272727272728
0.0
0.019230769230769232
0.0
0.00980392156862745
0.0
0.0
0.0
0
0.0
0.013513513513513514
0.00980392156862745
0.013333333333333334
0.0
0.02702702702702703
0.0
0.0
0.0
0.0
0.0
0.0
0.0
0.0
0.020618556701030927
0.0
0.01694915254237288
0.0
0.012658227848101266
0
0.0
0.011764705882352941
0.013157894736842105
0.0
0.0
0.0375
0.0
0.029411764705882353
0.0
0
0.0
0.0
0.024390243902439025
0.0
0.0
0.0
0.0
0
0.023529411764705882
0.008547008547008548
0.0
0.010638297872340425
0.0
0.0
0.008928571428571428
0.0
0.0
0.0
0.0
0.0
0.0
0.0
0.0
0.02040816326530612
0.012658227848101266
0.0
0.022222222222222223
0.0
0.011904761904761904
0.0
0.012048192771084338
0.0
0.00847457627118644
0.0
0.0
0.0
0.0
0.011764705882352941
0.0
0.0
0.0
0.0
0.012195121951219513
0.0
0
0.014925373134328358
0.0
0.009259259259259259
0.0
0.009615384615384616
0.0
0.0
0.0
0.011111111111111112
0.0
0.0
0.0
0.008695652173913044
0
0.017857142857142856
0.0
0.009523809523809525
0.011111111111111112
0.0
0.0392156862745098
0.022222222222222223
0.0
0.034482758620689655
0.02702702702702703
0.0
0.0
0.0
0.023809523809523808
0.022222222222222223
0.010638297872340425
0
0.03125
0.0
0.0
0.0
0.0
0.019417475728155338
0.0136986301369863
0.010526315789473684
0.038461538461538464
0
0.0
0.0
0.025
0.009009009009009009
0.010752688172043012
0.009345794392523364
0.0
0.0375
0.0
0.010309278350515464
0.012658227848101266
0.0
0.020618556701030927
0.0
0.020618556701030927
0.0
0.0
0.0
0
0
0.0
0.0
0.009259259259259259
0.0
0.0
0
0.0
0.018018018018018018
0.010309278350515464
0.00980392156862745
0.009615384615384616
0.017857142857142856
0.01098901098901099
0.0
0.0
0
0.0
0
0.0
0.0
0.0
0.029411764705882353
0.014492753623188406
0.011111111111111112
0.0
0.0
0.0
0.012048192771084338
0.0
0.0
0.0
0
0.0
0.0
0.0
0.0
0.010752688172043012
0.02830188679245283
0.0
0.0
0
0.0
0.0
0.0
0.0
0.0
0.0
0.0
0.0
0.0
0.0
0.0
0.0
0.008403361344537815
0
0.0
0.014492753623188406
0.015384615384615385
0.0
0.0
0.0
0.0
0.0
0.0
0.0
0.0
0.0
0.0
0.0
0.03333333333333333
0.0
0.04054054054054054
0
0.0
0.027777777777777776
0.0
0.0
0.0
0.0
0.03333333333333333
0.017857142857142856
0.011235955056179775
0.03571428571428571
0.011627906976744186
0.0
0.0
0.03225806451612903
0.013888888888888888
0.0
0.0
0.0
0.0392156862745098
0.0
0.013333333333333334
0.0
0.0
0.012195121951219513
0.0
0.014084507042253521
0.009708737864077669
0.0
0.012658227848101266
0.0
0.0
0.013157894736842105
0.0
0.013513513513513514
0.0
0.0
0.0136986301369863
0.0
0
0.0
0.0
0.0
0.0
0
0
0.0
0.04838709677419355
0.008695652173913044
0.0
0.0
0.0
0.0
0.0
0
0.0
0.0
0.0
0.0
0.0
0.0
0.0
0.0
0.022222222222222223
0.03488372093023256
0.0
0.014492753623188406
0.02
0.0
0.0
0.0
0.0
0.0
0.03
0.038461538461538464
0.0
0.013157894736842105
0
0.0
0.0
0.0
0.02531645569620253
0.0
0
0.0
0.014492753623188406
0.025
0.018867924528301886
0.0
0.0
0.0
0.0
0.0
0.0
0.0
0.0
0.025974025974025976
0.025
0.0
0.0
0.01
0.013333333333333334
0.030927835051546393
0.0
0.010869565217391304
0.0
0.0
0.029850746268656716
0.022222222222222223
0.03225806451612903
0.0
0.0
0.013333333333333334
0.0
0.0
0.014925373134328358
0.022222222222222223
0.0
0.0
0.0
0.0
0.0
0.0
0.014492753623188406
0.0
0.011764705882352941
0.0
0
0.024390243902439025
0.0
0.029411764705882353
0.0
0.0
0
0.0
0.0
0.013513513513513514
0.0
0.0
0.0
0.03333333333333333
0
0.0
0.0
0.0
0.0
0.0
0.013157894736842105
0.0
0.0
0.0
0.0
0.010752688172043012
0.015625
0.047619047619047616
0.057692307692307696
0.014084507042253521
0.0
0.017857142857142856
0.0
0.0
0.0
0.0
0.0
0.06666666666666667
0.0
0.05357142857142857
0.010869565217391304
0.010101010101010102
0.01282051282051282
0.0
0.0
0.0
0.0
0.011494252873563218
0.0
0.014705882352941176
0
0.0
0.016666666666666666
0.014285714285714285
0.03333333333333333
0.03333333333333333
0.0
0.0
0.0
0.05555555555555555
0.0
0.0
0.0
0.017241379310344827
0.03333333333333333
0.0
0.0
0.03896103896103896
0.0
0.0
0
0.0
0.0196078431372549
0.0
0.0
0.0
0.0
0.015625
0.03333333333333333
0.0
0.0
0.0
0.0
0.02631578947368421
0.0
0.0136986301369863
0.013513513513513514
0.0
0.0
0.0
0.0
0.0
0.0
0.0
0.033707865168539325
0.015384615384615385
0.0
0.0273972602739726
0.0
0.0
0
0.0
0.02127659574468085
0.0
0.03636363636363636
0.0
0.0
0
0.0
0.0
0.0
0.0
0.011904761904761904
0.0
0.0
0
0.0
0.0
0.02247191011235955
0.0
0.0
0.0
0.0
0.016666666666666666
0.0
0.05128205128205128
0.0
0.0
0.024096385542168676
0.0
0.0
0.01694915254237288
0.0
0
0.0
0.013888888888888888
0.0
0.010638297872340425
0.0
0.0
0.0
0.0
0.0
0.0
0.0
0.034482758620689655
0
0.023255813953488372
0.012048192771084338
0.009523809523809525
0.0
0.0
0.0
0.0
0.013157894736842105
0.0
0.0
0.022222222222222223
0.0
0.0
0.0
0.0
0.0196078431372549
0.0
0.02666666666666667
0.0
0.012345679012345678
0.014492753623188406
0.0
0.0
0.0
0.0
0
0.0
0.0
0.0
0.0
0
0.0
0.0
0.0
0.014084507042253521
0.0
0
0.0
0.014925373134328358
0.0
0.01020408163265306
0.0
0.0
0.0
0.0
0.012345679012345678
0.0
0.0
0.0
0.0
0.0
0.0
0.0
0.0
0.014492753623188406
0.0
0
0.0
0.011764705882352941
0.0
0.0196078431372549
0.0
0.0
0.0
0.028169014084507043
0.0
0.0
0.044444444444444446
0.0
0.0
0.014084507042253521
0.013513513513513514
0.015625
0.013333333333333334
0.011904761904761904
0.06666666666666667
0.017241379310344827
0.0
0.0
0.0
0.0
0.015625
0.034482758620689655
0.0
0.0
0.011363636363636364
0.0
0.0125
0.024691358024691357
0.037037037037037035
0.012048192771084338
0.00980392156862745
0.0
0.0
0.034482758620689655
0.0
0.011494252873563218
0
0.0
0.01694915254237288
0.029411764705882353
0.011904761904761904
0.011627906976744186
0.0
0.0
0.0
0.0
0.04
0.0
0.0
0.0
0.01282051282051282
0.0
0.0
0.0
0.028985507246376812
0.017543859649122806
0.0
0.0
0.022988505747126436
0.0
0.019230769230769232
0.0
0.034482758620689655
0.0
0.016129032258064516
0.0
0.03225806451612903
0.0
0.0
0.0
0.00980392156862745
0.0
0.0
0.0
0.0
0.0
0.0
0.017857142857142856
0.02666666666666667
0.028985507246376812
0.0
0.014925373134328358
0.024691358024691357
0.0
0.01020408163265306
0.011764705882352941
0.015625
0.01818181818181818
0.0
0.03225806451612903
0
0.030303030303030304
0.0
0.0
0.0
0.024390243902439025
0.0
0.0
0.0
0.02666666666666667
0.0
0.022222222222222223
0.022222222222222223
0.0
0.0
0.014084507042253521
0.06666666666666667
0
0.043478260869565216
0.017543859649122806
0.0
0.0
0.01694915254237288
0.010101010101010102
0.0273972602739726
0.0
0.0
0.0
0.0
0.019801980198019802
0.013888888888888888
0.016666666666666666
0.0
0
0.0
0.022222222222222223
0.0
0.0
0.0
0.0
0.023809523809523808
0.0
