0.5
0.0
0.5185185185185185
0.5714285714285714
0.2222222222222222
0.5510204081632653
0.5333333333333333
0.547945205479452
0.3
0.21428571428571427
0.7142857142857143
0.2857142857142857
0.2608695652173913
0.4666666666666667
0.45454545454545453
0.47619047619047616
0.5
0.5238095238095238
0.6428571428571429
0.125
0.4411764705882353
0.6976744186046512
0.5434782608695652
0.18181818181818182
0.42857142857142855
0.4222222222222222
0.23529411764705882
0.45098039215686275
0.0
0.25
0.6444444444444445
0.42424242424242425
0.4375
0.7272727272727273
0.42105263157894735
0.5555555555555556
0.5423728813559322
0.6896551724137931
0.2727272727272727
0.5
0.0
0.4
0.3333333333333333
0.4146341463414634
0.4117647058823529
0.14285714285714285
0.625
0.5333333333333333
0.5
0.3157894736842105
0.37209302325581395
0.6176470588235294
0.4473684210526316
0.5769230769230769
0.5
0.7391304347826086
0.4
0.5483870967741935
0.4
0.5833333333333334
0.21428571428571427
0.6
0.0
0.0
0.47368421052631576
0.375
0.5882352941176471
0.375
0.37037037037037035
0.5
0.6875
0.0
0.5
0.5813953488372093
0.625
0.6346153846153846
0.6666666666666666
0.5641025641025641
0.4897959183673469
0.7567567567567568
0.574468085106383
0.6842105263157895
0.40540540540540543
0.5
0.5405405405405406
0.5102040816326531
0.3142857142857143
0.4666666666666667
0.3333333333333333
0.4222222222222222
0.6060606060606061
0.6052631578947368
0.4
0.55
0.4782608695652174
0.4722222222222222
0.5675675675675675
0.75
0.47058823529411764
0.30434782608695654
0.43478260869565216
0.2222222222222222
0.46153846153846156
0.2962962962962963
0.4782608695652174
0.5238095238095238
0.575
0.34782608695652173
0.0
0.4666666666666667
0.5217391304347826
0.3125
0.43478260869565216
0.45652173913043476
0.45652173913043476
0.36363636363636365
0.7777777777777778
0.3157894736842105
0.5555555555555556
0.6060606060606061
0.6428571428571429
0.5384615384615384
0.625
0.4594594594594595
0.5333333333333333
0.5277777777777778
0.42857142857142855
0.3103448275862069
0.6333333333333333
0.6896551724137931
0
0.5
0.3076923076923077
0.2647058823529412
0.5
0.2777777777777778
0
0.6521739130434783
0.4
0.46153846153846156
0.3333333333333333
0.34782608695652173
0.3103448275862069
0.42857142857142855
0.3793103448275862
0.5357142857142857
0.5806451612903226
0.375
0.0
0.0
0.2222222222222222
0.5882352941176471
0.47368421052631576
0.6470588235294118
0.3333333333333333
0.5483870967741935
0.25
0.16666666666666666
0.4
0.38461538461538464
0.4117647058823529
0.6896551724137931
0.0
0.43478260869565216
0.5
0.3125
0.4482758620689655
0.8181818181818182
0.6818181818181818
0.4857142857142857
0.625
0.6333333333333333
0.0
0.25
0.08333333333333333
0.25
0.5625
0.52
0.32432432432432434
0.5
0.6
0.30303030303030304
0.7241379310344828
0.42857142857142855
0.0
0.4827586206896552
0.375
0.6153846153846154
0.45454545454545453
0.56
0.25
0.2222222222222222
0.6
0.625
0.0
0.2857142857142857
0.2916666666666667
0
0
0.0
0.0
0
0
0.0
0.0
0.0
0
0.0
0.0
0.0
0
0.0
0
0.0
0.0
0
0
0
0
0.0
0.0
0
0.0
0.0
0
0
0.0
0.0
0.0
0
0.0
0.0
0.0
0.0
0.46153846153846156
0.0
0.3333333333333333
0.5294117647058824
0.7894736842105263
0.36363636363636365
0.5555555555555556
0.6666666666666666
0.0
0.0
0.41379310344827586
0.64
0.5
0.5185185185185185
0.5
0.42105263157894735
0.5217391304347826
0.0
0.4
0.6296296296296297
0.64
0.5
0.125
0.5238095238095238
0.5238095238095238
0.5652173913043478
0
0.47368421052631576
0.5
0.45
0.38461538461538464
0
0.6190476190476191
0.2
0.4782608695652174
0.6363636363636364
0.43333333333333335
0.2222222222222222
0
0.625
0.46153846153846156
0.5
0.2727272727272727
0.2857142857142857
0.6363636363636364
0.6774193548387096
0.7692307692307693
0.5483870967741935
0.5
0.3684210526315789
0.55
0.4
0.5185185185185185
0.42857142857142855
0.4
0.6666666666666666
0.5
0.5882352941176471
0.45
0.32142857142857145
0.36363636363636365
0.5
0.3
0
0.4230769230769231
0.5
0.3076923076923077
0.55
0.0
0.76
0.0
0.0
0.5714285714285714
0.38461538461538464
0.375
0.25
0.64
0.6071428571428571
0.3333333333333333
0.4
0.2857142857142857
0.35714285714285715
0.39285714285714285
0.5238095238095238
0.2727272727272727
0.5357142857142857
0.18181818181818182
0.2857142857142857
0.2
0.3
0.3076923076923077
0
0.6818181818181818
0.6666666666666666
0.5
0.2857142857142857
0.6666666666666666
0.45
0.0
0.42857142857142855
0.5555555555555556
0.0
0.45454545454545453
0.34782608695652173
0.1111111111111111
0.4583333333333333
0.8148148148148148
0.0
0.0
0.0
0.3181818181818182
0.6666666666666666
0.38461538461538464
0.18181818181818182
0
0.2222222222222222
0.47368421052631576
0.6086956521739131
0.07692307692307693
0.5333333333333333
0.4666666666666667
0.6
0.7142857142857143
0.4117647058823529
0.3333333333333333
0.6363636363636364
0.25
0.5
0.5714285714285714
0.5263157894736842
0.6086956521739131
0.0
0.5217391304347826
0.42857142857142855
0.5333333333333333
0.2857142857142857
0.36363636363636365
0.0
0.1
0.6
0.2
0.3157894736842105
0.5714285714285714
0.4666666666666667
0.36
0.5625
0.391304347826087
0.0
0.5
0.4583333333333333
0.0
0.3333333333333333
0.5
0.5
0.6875
0.4166666666666667
0.18181818181818182
0.6842105263157895
0.29411764705882354
0.0
0.5714285714285714
0.36363636363636365
0.47368421052631576
0.38095238095238093
0.3888888888888889
0.7
0.14285714285714285
0.5263157894736842
0.5
0.4
0.42857142857142855
0.14285714285714285
0.3888888888888889
0.0
0.36363636363636365
0.4
0.2
0.47619047619047616
0.3333333333333333
0
0.25
0.34782608695652173
0.0
0.30434782608695654
0.5909090909090909
0.3333333333333333
0.5263157894736842
0.3333333333333333
0.5555555555555556
0.6153846153846154
0.5294117647058824
0.6842105263157895
0.5333333333333333
0.4375
1.0
0.4375
0.5333333333333333
0.3333333333333333
0.75
0.2857142857142857
0.14285714285714285
0.6521739130434783
0.47619047619047616
0.6
0.25
0.25
0.4666666666666667
0.5
0.26666666666666666
0
0.3333333333333333
0.42857142857142855
0.0
0.42857142857142855
0.0
0.5
0
0.25
0.3684210526315789
0.3333333333333333
0.4117647058823529
0.23076923076923078
0.16666666666666666
0.0
0.35714285714285715
0.7692307692307693
0.47368421052631576
0.21428571428571427
0.4
0.4166666666666667
0.5555555555555556
0.2727272727272727
0.5
0.0
0.8421052631578947
0.5
0.3684210526315789
0.4
0.2
0.2222222222222222
0.45454545454545453
0.23529411764705882
0.3333333333333333
0.2857142857142857
0
0.16666666666666666
0.3333333333333333
0.0
0.0
0.4666666666666667
0.5
0.5714285714285714
0.2
0.4666666666666667
0.5454545454545454
0.23529411764705882
0.5
0.4
0.625
0.1111111111111111
0.375
0.5454545454545454
0.45
0.07142857142857142
0.6666666666666666
0.35
0.4090909090909091
0.55
0.09090909090909091
0.3
0.25
0.5909090909090909
0.5294117647058824
0.3181818181818182
0.4
0.0
0.35294117647058826
0.5238095238095238
0.35714285714285715
0.6666666666666666
0.2
0.5833333333333334
0.3333333333333333
0.4
0.2727272727272727
0.3333333333333333
0.42857142857142855
0.6
0.36363636363636365
0.7142857142857143
0.2727272727272727
0.5384615384615384
0.2857142857142857
0.4
0.4444444444444444
0.0
1.0
0.3125
0.0
0.2
0.4
0.375
0.5
0.09090909090909091
0.0
0.1
0.2
0.5238095238095238
0.1
0.2
0.35
0.2222222222222222
0.75
0.25
0.2631578947368421
0.5
0.6190476190476191
0.3333333333333333
0.5
0.3
0.16666666666666666
0.46153846153846156
0.5
0.2727272727272727
0.2
0.0
0.6363636363636364
0.5789473684210527
0.2222222222222222
0.0
0.0
0.0
0.5
0.6153846153846154
0.7777777777777778
0.2727272727272727
0.4117647058823529
0.5
0.45454545454545453
0.2
0.5294117647058824
0.1875
0.4
0.6666666666666666
0.4117647058823529
0.3333333333333333
0.21428571428571427
0.4117647058823529
0.8571428571428571
0.6
0.3157894736842105
0.4166666666666667
0.35714285714285715
0.6
0.5
0.5333333333333333
0.5
0.16666666666666666
0.0
0.3333333333333333
0.0
0.45454545454545453
0.3333333333333333
0.5384615384615384
0.3684210526315789
0.0
0.6666666666666666
0.4
0.5555555555555556
0.4117647058823529
0.0
0.5555555555555556
0.42857142857142855
0.3333333333333333
0.5263157894736842
0.6
0.42857142857142855
0.3333333333333333
0.0
0.375
0.5
0.5625
0.0
0.4166666666666667
0.3333333333333333
0.25
0.09090909090909091
0.5294117647058824
0.5
0.3333333333333333
0.47368421052631576
0.4
0.0
0.3333333333333333
0.4666666666666667
0.625
0.25
0.2631578947368421
0.8
0.4166666666666667
0.0
0.2
0.6842105263157895
0.42857142857142855
0.4444444444444444
0.2631578947368421
0.4
0.5555555555555556
0.4375
0.125
0.1111111111111111
1.0
0.0
0.25
0.3333333333333333
0.4444444444444444
0.25
0.6666666666666666
0.3333333333333333
0.15384615384615385
0.5
0.3333333333333333
0.5
0.3333333333333333
0
0.35714285714285715
0.5333333333333333
0.5
0.3333333333333333
0.5555555555555556
0.375
0.6
0.14285714285714285
0.5714285714285714
0.5
0.4666666666666667
0.5
0.4
0.4
0.4666666666666667
0.26666666666666666
0.4444444444444444
0.23076923076923078
0.42857142857142855
0.2
0.7142857142857143
0.6
0.5333333333333333
0.4
0.5
0.4
0.42857142857142855
0.25
1.0
0.3333333333333333
0.25
0.4166666666666667
0.4
0.25
0.25
0.5
0.4444444444444444
0.5
0.2222222222222222
0.5714285714285714
0.25
0.16666666666666666
0.35714285714285715
0.3333333333333333
0.4
0.6666666666666666
0.21428571428571427
0.5
0.25
0.15384615384615385
0.5
0.4375
0
0.25
0.5384615384615384
0.5714285714285714
0.18181818181818182
0.2
0.47058823529411764
0.1
0.26666666666666666
0.3333333333333333
0.2857142857142857
0.7058823529411765
0.3076923076923077
0.18181818181818182
0.3333333333333333
0.5
0.5714285714285714
0.5294117647058824
0.5
0.5294117647058824
0.5
0.3333333333333333
0.4444444444444444
0.38461538461538464
0.4166666666666667
0.3333333333333333
0.3333333333333333
0.15384615384615385
0
0.6
0.6666666666666666
0.0
0.4666666666666667
0.4375
0.4375
0.3333333333333333
0.6875
0.1875
0.375
0.6666666666666666
0.2222222222222222
0.16666666666666666
0.6428571428571429
0.25
0.1111111111111111
0.4
0.5
0.25
0.6
0.38461538461538464
0.5
0.4166666666666667
0.3333333333333333
0.4
0.3333333333333333
0.45454545454545453
0.0
0.23076923076923078
0.25
0.2222222222222222
0.6
0.4
0.8333333333333334
0.2
0.1
0.7142857142857143
0.42857142857142855
0.3333333333333333
0.3076923076923077
0.21428571428571427
0.6
0.3
0.5
0.25
0.4666666666666667
0.45454545454545453
0.5
0.0
0.5454545454545454
1.0
0.5
0.8
0.5
0.5625
0.5
0.625
0.1
0.2857142857142857
0.625
0.36363636363636365
0.4
0.25
0.625
0.16666666666666666
0.6153846153846154
0.0
0.8
0.6666666666666666
0.2
0.7142857142857143
0.5
0.6363636363636364
0.375
0
0.125
0.5454545454545454
0.6
0.5714285714285714
0.3333333333333333
0.45454545454545453
0.75
0.125
0.5714285714285714
0.4
0.5
0.6428571428571429
0.0
0.4
0.3333333333333333
0.5
0.6666666666666666
0.7333333333333333
0.42857142857142855
0.625
0.45454545454545453
0.2
0.42857142857142855
0.2857142857142857
0.5555555555555556
0.5
0.3333333333333333
0.5714285714285714
0.0
0
0.8888888888888888
0.4
0.2857142857142857
0.1
0
0.3333333333333333
0.45454545454545453
0.38461538461538464
0.8461538461538461
0.5
0.16666666666666666
0.5333333333333333
0.3333333333333333
0.0
0.0
0.2222222222222222
1.0
0.26666666666666666
0.6
0.0
0.2857142857142857
0.5555555555555556
0.2
0.36363636363636365
0.0
0.2
0.3333333333333333
0.125
0.2
0.9
0.2222222222222222
0.5454545454545454
0.23076923076923078
0.5384615384615384
0.36363636363636365
0.5833333333333334
0.6
0.25
0.2857142857142857
0.375
0.5
0.5
0.2222222222222222
0.0
0.0
0
1.0
0.3333333333333333
0.7
0.42857142857142855
0.0
0.07142857142857142
0.5454545454545454
0.25
0.36363636363636365
0.36363636363636365
0.0
0.8
0.75
0.38461538461538464
0.38461538461538464
0.6428571428571429
0
0.25
0.3333333333333333
0.6363636363636364
0.5
0.4444444444444444
0.4166666666666667
0.2222222222222222
1.0
0.375
0.25
0.4166666666666667
0.09090909090909091
0.6923076923076923
0.6
0.6
0.21428571428571427
0.5
0.0
0.3333333333333333
0.16666666666666666
0.42857142857142855
0.4
0.45454545454545453
0.3
0.25
0.35714285714285715
0.2727272727272727
0.6153846153846154
0.6666666666666666
0.2857142857142857
0.875
0.0
0.0
0.2222222222222222
0.16666666666666666
0.2727272727272727
0.2857142857142857
0.0
0.0
0.7142857142857143
0.6363636363636364
0.36363636363636365
0.0
0.25
1.0
0.4
0.6
0.25
0.15384615384615385
0.6666666666666666
0.2727272727272727
0.0
0.4
0.3
0.3333333333333333
0.3333333333333333
0.7142857142857143
0.5714285714285714
0.4
0.5555555555555556
0.6363636363636364
0.6666666666666666
0.0
0.6153846153846154
0.7272727272727273
0.0
0.6666666666666666
0.16666666666666666
0
0.5
0.38461538461538464
0.3333333333333333
0.38461538461538464
0.0
0.6666666666666666
0.3333333333333333
0.14285714285714285
0.45454545454545453
0.5
0.25
1.0
0.4
0.2222222222222222
0.125
0.1111111111111111
0.36363636363636365
0.5454545454545454
0.0
0.6923076923076923
0.5714285714285714
0.3076923076923077
0.6
0.0
0.2
0.25
0.4
0.5833333333333334
0.07692307692307693
0.25
0.2
0.42857142857142855
0.5
0.5
0.0
0.2
0.38461538461538464
0.2
0.3333333333333333
0.09090909090909091
0.0
0.6
0.46153846153846156
0.8461538461538461
0.7142857142857143
0.375
0.5
0
0.0
0.23076923076923078
0.625
0.0
0.14285714285714285
0.3
0.5
0.5
0.5
0.4
0.46153846153846156
0.25
0.5
0.0
0.25
0.2727272727272727
0.2
0.46153846153846156
0.4166666666666667
0.46153846153846156
0.0
0.0
0.0
0.0
0.2
0.5
0.2
0.5
0.6666666666666666
0.14285714285714285
0.0
0.14285714285714285
0.5454545454545454
0.14285714285714285
0.25
0.3333333333333333
0.4
0.0
0.5833333333333334
0.15384615384615385
0
0.0
0.5833333333333334
0.0
0.6666666666666666
0.6
0.125
0.25
0.6666666666666666
0.0
0.5
0.625
0.42857142857142855
0.2222222222222222
0
0.38461538461538464
0.3076923076923077
0.3333333333333333
0.36363636363636365
0.125
0.3333333333333333
0.6666666666666666
0.4444444444444444
0.6153846153846154
0.0
0.42857142857142855
0.18181818181818182
0.625
0.625
0.0
0.5714285714285714
0.4166666666666667
0.2
0.5
0.42857142857142855
0
0.36363636363636365
0.5454545454545454
0.36363636363636365
0.45454545454545453
0.0
0.0
0.8
0.0
0.4
0.1111111111111111
0.2857142857142857
0.2
0.8181818181818182
0.375
0.16666666666666666
0.375
0.0
0.2
0.2857142857142857
0.14285714285714285
0.3333333333333333
0.5
0.0
0.0
0.3333333333333333
0.5
0.0
0.3333333333333333
0.4
0.6363636363636364
0.5833333333333334
0.0
0.2857142857142857
0.0
0
0.14285714285714285
0.2222222222222222
0.2
0.0
0.4444444444444444
0.5
0.1111111111111111
0.0
0.2857142857142857
0.16666666666666666
0.875
0.0
0.75
0.0
0.0
0.42857142857142855
0.2222222222222222
0
0.4444444444444444
0.2
0.0
0.16666666666666666
0.5714285714285714
0.375
0.4
0.3333333333333333
0.75
0.3333333333333333
0.0
0.5555555555555556
0.2
0.6
0.0
0.5
0.3333333333333333
0.0
0.25
0.42857142857142855
0.6666666666666666
0.0
0.5555555555555556
0.14285714285714285
1.0
0.2222222222222222
0.25
0.08333333333333333
0.3333333333333333
0.9090909090909091
0.25
0.2
0.25
0.3333333333333333
0.7142857142857143
0.2222222222222222
0.4166666666666667
0.0
0.6666666666666666
0.09090909090909091
0.6363636363636364
0.4444444444444444
0.6666666666666666
0.6666666666666666
0.25
0.4166666666666667
0.0
0.0
0.0
0.125
1.0
0.0
0.25
0.5
0.1111111111111111
0.5
0
0.5555555555555556
0.5
0.16666666666666666
0.4166666666666667
0.14285714285714285
0.36363636363636365
0.0
0.2
0.5454545454545454
0.2
0.25
0.0
0.125
0.16666666666666666
0.4
0.0
0.0
0.5
0
0.18181818181818182
0.75
0.375
0.5555555555555556
0.5
0.4
0.5
0.25
0.5
0.2222222222222222
0.14285714285714285
0.7142857142857143
0.4444444444444444
0.125
0.625
0
0.16666666666666666
0.0
0.0
0.6666666666666666
0.3333333333333333
0.25
0.25
1.0
0.25
0.16666666666666666
0.375
0.7272727272727273
0.75
0.14285714285714285
0.3333333333333333
0.375
0.0
0.6666666666666666
0.625
0.14285714285714285
0.0
0.5
0.6666666666666666
0.0
0.7272727272727273
0.7142857142857143
0.5
0.8571428571428571
1.0
0
0
0.42857142857142855
0.14285714285714285
0.7142857142857143
0.6666666666666666
0.14285714285714285
0.5
0
0.6666666666666666
0.2727272727272727
0
0.375
0.7142857142857143
0.3333333333333333
0.7777777777777778
0.4
0.75
0.0
0.9
0.6363636363636364
0.6666666666666666
0.6363636363636364
1.0
0.7
0.0
0.25
0.5714285714285714
0
0.0
0.0
0.7272727272727273
0.0
0.45454545454545453
0.0
0.3333333333333333
0.3333333333333333
0.5
0.8
0.25
0.5
0.25
0.36363636363636365
0
0.2
0.0
0.5
0
0.3333333333333333
0.75
0.0
0
0.7142857142857143
0.625
0.0
0.36363636363636365
0.4
0.25
0.5
0.0
0.2857142857142857
1.0
0.2857142857142857
0.3333333333333333
0.3333333333333333
0.42857142857142855
0.0
0.6666666666666666
0.2
0.3
0.3333333333333333
0.5
0.3333333333333333
0.4
0.6363636363636364
0.375
0.5
0.2222222222222222
0.2857142857142857
0.6
0.5
0.3333333333333333
0.3333333333333333
0.6666666666666666
0.5714285714285714
0.0
0.25
0.75
0.375
0.2727272727272727
0.5555555555555556
0.36363636363636365
0.5
0.6363636363636364
0.5
0.5
0.625
0.2
0.0
0.2857142857142857
1.0
1.0
0.7142857142857143
0.5
0.5
0.3333333333333333
0.5
0.0
0.6
0.14285714285714285
0.5
0.6666666666666666
0.375
0.3333333333333333
0.4444444444444444
0.5
0
0.0
0.2222222222222222
0.14285714285714285
0.4
0.8
0.0
0.14285714285714285
0.3333333333333333
0.3333333333333333
0
0.4444444444444444
0.5
0.3333333333333333
0.5
0.2
0.42857142857142855
0.5714285714285714
0.6666666666666666
0.2857142857142857
0.25
0.0
0.2222222222222222
0.3333333333333333
0.0
0.0
0.5555555555555556
0.5
0.4
0.4
0.3333333333333333
0.25
1.0
0.0
0.0
0.3
0.0
0.0
0.14285714285714285
0.0
0.0
0.375
0.5
0.5
0
0
0.2857142857142857
1.0
0.5555555555555556
0.14285714285714285
0.0
0.25
0
0.4444444444444444
1.0
0.5
0.5
0.125
0.5
0.0
0.0
0.8
0.14285714285714285
0.0
0.0
0.5
0.4
0.2
0.2222222222222222
0.0
0.4444444444444444
0.0
0.0
0.25
0.5
0.42857142857142855
0.4
0.4
0.42857142857142855
0.0
0.5
0.0
0.42857142857142855
0.4444444444444444
0.4444444444444444
0.5
0.16666666666666666
0.4
0.42857142857142855
0.0
0.2857142857142857
0.3333333333333333
0.25
0.375
0.0
0.0
0.8888888888888888
0.6666666666666666
0.5714285714285714
0.0
0.25
0.5
1.0
0.3
0.0
0.3333333333333333
0.25
0.5714285714285714
0.3333333333333333
0.42857142857142855
0.25
0.6666666666666666
0.5
0.4
0.0
0.7
0.0
0.3333333333333333
0.25
0.16666666666666666
0
0.25
0.6666666666666666
0.5
0.2
1.0
0.25
0.0
0.3
1.0
0.0
0.0
0.0
0.0
0.3333333333333333
0.4
0.3333333333333333
0.5
0.0
0.14285714285714285
0.6666666666666666
0.3333333333333333
0.0
0.5
0.625
0.2222222222222222
0.2857142857142857
0.14285714285714285
0.0
0.125
0.3333333333333333
0.0
0.3333333333333333
0.2857142857142857
0.0
0.3333333333333333
0.75
0.25
0.375
0.0
0.2
0.6666666666666666
0.0
0.25
0.42857142857142855
0.75
0.4
0.25
0.4444444444444444
0.5714285714285714
0.14285714285714285
0.5714285714285714
0.5
0.3333333333333333
0.5
0.4444444444444444
0.0
0.42857142857142855
0.0
0.25
0.0
0.6666666666666666
0.5
0.2
0.0
0.5
0.16666666666666666
0.6
0.375
0
0.3333333333333333
0.14285714285714285
0.5
0.7777777777777778
0.2
1.0
0.875
0.6666666666666666
0.16666666666666666
1.0
0.16666666666666666
0.0
0.0
0.2857142857142857
0.0
0.5
0.6666666666666666
0.3333333333333333
0.2857142857142857
0.5555555555555556
0.25
0.25
0.5
0.0
0.4
0.6666666666666666
0.3333333333333333
0.5
0.2222222222222222
0.25
0.42857142857142855
0.0
0.0
0.375
0.0
0.16666666666666666
0.2857142857142857
0.8
0.75
0.2
0.5
0.4
0.6
0.7142857142857143
1.0
0.2
0.8
0.2
0.0
0.14285714285714285
0.0
0.2
0.0
0.4444444444444444
0.5
0.125
0.125
0.8
0.5
0.0
0.75
0.0
0.0
0.0
0.0
0.375
0
0.3333333333333333
0.5714285714285714
0.6666666666666666
0.2222222222222222
0.6666666666666666
0.0
0.3333333333333333
0.25
0.0
1.0
0.3333333333333333
0.2857142857142857
0.3333333333333333
0.16666666666666666
0.14285714285714285
0.5555555555555556
0.2
0.5
0.25
0.5
0.25
0
0.5
0.25
0.6666666666666666
0.6666666666666666
0.14285714285714285
0.5714285714285714
0.75
0.75
0.0
0.25
0.3333333333333333
0.5
0.2857142857142857
1.0
0
0.0
0.14285714285714285
0.25
0.3333333333333333
0.0
0.375
0.42857142857142855
0.5
0.1111111111111111
0.14285714285714285
0.5555555555555556
0.2857142857142857
0
0
0.375
0.5
0.4
0.3333333333333333
0.3333333333333333
0.4
0.16666666666666666
0.5714285714285714
0.0
0.5
0.0
0.375
0.2857142857142857
1.0
0.2857142857142857
0.3333333333333333
0.125
0
0.6666666666666666
0.5
0.7142857142857143
0.8
0.5
0.25
0.2857142857142857
0.16666666666666666
0.5
0.25
0.0
0.0
0
0.2222222222222222
0.625
0.6666666666666666
0.16666666666666666
0.0
0.4
0.0
0.375
0.6666666666666666
0.3333333333333333
0.6666666666666666
0.3333333333333333
0.6666666666666666
0
0.5
0.16666666666666666
0.125
0.5
0.25
0.3333333333333333
0.4
0.375
0.25
0.6666666666666666
0.0
0.375
0.5
0.75
0.0
0.42857142857142855
0.4
0.0
0.2222222222222222
0.125
0.3333333333333333
0.25
0.5
0.4
0.5
0.25
0
0.0
0
0.0
0
0.375
0.0
0.0
0.0
0.3333333333333333
0.25
0.25
0.3333333333333333
0.4
0.3333333333333333
0.5
0.14285714285714285
0.2
0.6
0.3333333333333333
0.4
0.0
0.0
0.5
0.25
0.5
0.4
0.0
1.0
0
0.375
0.2857142857142857
0.625
1.0
0.125
1.0
0.125
0.0
0.6
0.14285714285714285
0.375
0.2
0.3333333333333333
1.0
0.3333333333333333
0.16666666666666666
0.6666666666666666
0.3333333333333333
0.75
0.375
0
0.0
0.0
0.5
0.5
0.6666666666666666
0.25
0.5
0.375
0.2857142857142857
0
0.5
0.3333333333333333
0.625
0.25
0.2
0.3333333333333333
0.5714285714285714
0.5
0.625
0.4
0.6666666666666666
0.5714285714285714
0.0
0.2857142857142857
0.0
0.25
0.5
0
0.16666666666666666
1.0
0.0
0.7142857142857143
0.5
0.75
0.5
0.0
0.2
0.2
0.875
0.75
0.4
0.3333333333333333
0.3333333333333333
0.3333333333333333
0.6
0.2
0
0.875
0
1.0
1.0
0.5
0.2
0.0
0.2
0.16666666666666666
0.14285714285714285
0.25
0.6
0.0
0
0.125
0.0
0.0
0.2857142857142857
0.0
0.0
0.0
0.3333333333333333
0.6
0.5
0.25
0.5
0.0
0.3333333333333333
0
0.42857142857142855
0.2857142857142857
0.0
1.0
0.2
0.75
0.4
0.5
0.0
0.3333333333333333
0.3333333333333333
0.5
0.5
0.2857142857142857
0.75
0
0.5
0.0
0.2857142857142857
0.25
0.42857142857142855
0.6666666666666666
0.375
0.0
0.25
0.4
0.25
1.0
0.5
0.42857142857142855
0.5714285714285714
0
0.375
0.2857142857142857
0.25
0.0
0.6666666666666666
0.14285714285714285
0.16666666666666666
0.4
0.14285714285714285
0.0
0.42857142857142855
0.42857142857142855
0
0.5
0.0
0.0
0.2
0.0
0.0
0.6666666666666666
0.0
0.5
0.0
0.5
0.0
0.0
0.3333333333333333
0.0
0.4
0.3333333333333333
0
0
0
0.14285714285714285
0.5714285714285714
0.25
1.0
0.6666666666666666
0.2
0
0.6666666666666666
0.6666666666666666
0.25
0.5
0.4
0.0
0.42857142857142855
1.0
0.5
0.42857142857142855
0.6666666666666666
0.0
0.5
0.4
0.5714285714285714
1.0
0
0.14285714285714285
0.16666666666666666
0.25
0
0.75
0
0.7142857142857143
0.14285714285714285
0.0
0.4
0.25
0.3333333333333333
0.0
0.5
0.7142857142857143
0.0
0.75
0.0
0
0.0
0.25
0.4
0.0
0.0
0.0
0.25
0.0
0.3333333333333333
0.3333333333333333
0.0
0.5
0.125
0.75
0.5
0.42857142857142855
0.0
0.625
0.2857142857142857
0
0.125
0.16666666666666666
0.8
0.25
0.0
0.16666666666666666
0.0
0.14285714285714285
0
0.16666666666666666
0.0
0.8571428571428571
0.0
0.0
0.16666666666666666
0.5
0.0
0.0
0.0
0.2857142857142857
0.5
0.6666666666666666
0.0
1.0
0.5
0
0.0
0.25
0.2857142857142857
0.4
0.0
0.25
0.0
0.3333333333333333
0.0
0.375
0.5
0.42857142857142855
0.0
0.0
0.75
0.14285714285714285
0.2857142857142857
0.375
0.3333333333333333
0.5
0.5
0.0
0.5714285714285714
0.3333333333333333
0.75
0.625
0.5
0.5
0.5
0.0
0.625
0.14285714285714285
0.4
0.25
0.25
0.14285714285714285
0
0.7142857142857143
0.42857142857142855
0.5
0.2
0
0.5
0.5
0.3333333333333333
0.3333333333333333
0.4
0.16666666666666666
0.0
0.6666666666666666
0.3333333333333333
0
0
0.0
0.0
0.16666666666666666
0.3333333333333333
0.5
0.5
0.0
0.2857142857142857
0.2857142857142857
0.5
0.6666666666666666
0.0
1.0
0.42857142857142855
0.7142857142857143
0.4
0.16666666666666666
0.0
0.0
0.0
0.3333333333333333
0.75
1.0
0.75
0.16666666666666666
0.5
0.3333333333333333
0.5
0.42857142857142855
0.4
0.4
0.5
0.5
0.0
0.0
0
0.0
0.7142857142857143
0.14285714285714285
0.0
0.2857142857142857
0.0
0.6
0.42857142857142855
0.6
0.75
0.0
0
0.0
0.5
0.6666666666666666
0.0
1.0
0.16666666666666666
0.42857142857142855
0.0
0.5
0.0
0.5714285714285714
0.6666666666666666
1.0
0.0
0.6
0.2857142857142857
0.6
0.0
0.8571428571428571
0.0
0.5714285714285714
0.4
0.16666666666666666
0.0
0.0
0.0
0.5714285714285714
0
0.4
0.0
0.2
0.5
0.14285714285714285
0.25
0.5
0.2857142857142857
0.3333333333333333
0.5
0.3333333333333333
0.2
0.0
0.0
0
0.25
0.3333333333333333
0.6666666666666666
0.6666666666666666
0.0
0.8
0.25
0.25
0.2857142857142857
0.6666666666666666
0.0
0.16666666666666666
0.5
0.5
0.42857142857142855
0.6666666666666666
0.25
0.6666666666666666
0.0
0
0.0
0.0
1.0
0.4
0.3333333333333333
0.42857142857142855
0.25
0.0
0.0
0
0.25
0.5
0.3333333333333333
0.5
0.0
0.3333333333333333
0.0
0.25
0.4
0.4
0.0
0.0
0.0
1.0
0.75
0.2
0.5
0.5
0.16666666666666666
0.42857142857142855
0.2857142857142857
0.4
0
0.0
0
0.25
0.3333333333333333
0.42857142857142855
0.42857142857142855
0
0
0.5
0.5
0.6
0.0
0.5
0.2
0.4
0.0
0
0.0
0.0
0
0
0.5714285714285714
0.75
0.25
0.0
0.42857142857142855
0.14285714285714285
0.0
0
0.3333333333333333
0
0.0
0.2857142857142857
0.25
0.5
0.6666666666666666
0.0
0.0
0.6666666666666666
0.6666666666666666
0.0
1.0
0
0.6
1.0
0.6
0.16666666666666666
0
0.0
1.0
0.3333333333333333
0.42857142857142855
0.6666666666666666
0.2
0.0
0.6666666666666666
0.0
0.0
0
0.4
0.0
0.0
0
0.6666666666666666
0.0
0.14285714285714285
0.0
0.0
0.0
0.6666666666666666
0.14285714285714285
0.3333333333333333
0.3333333333333333
0.5
0.3333333333333333
0.2857142857142857
0.6666666666666666
0
0.7142857142857143
0
0.75
0.5714285714285714
0.3333333333333333
0.0
0.42857142857142855
0
0.2
0.6666666666666666
0.0
0
0.0
1.0
0.5
0.5
0.6666666666666666
0.0
0.0
0.4
0.0
0.6666666666666666
0.2
0.3333333333333333
0.3333333333333333
0.0
0.42857142857142855
0.8
0.5
0.0
0.42857142857142855
0.2
0.0
0.0
0.2
0.2
0.0
0
0.6666666666666666
0
0.3333333333333333
0.16666666666666666
0.6
0.0
0.3333333333333333
0.42857142857142855
0.3333333333333333
0.0
0.5
0.3333333333333333
0.5
0.0
0.0
0.0
0.3333333333333333
0.3333333333333333
0.42857142857142855
0.2
0.0
0.5
0.25
0.0
0.2857142857142857
0.5714285714285714
0.2
0
0.5
0.5
0.5
0.0
0.0
0.0
0
0.4
0.16666666666666666
0
0.6666666666666666
0.3333333333333333
0.25
0.2857142857142857
0.4
0.2
0.2857142857142857
0.25
0.3333333333333333
0
0.2
0.3333333333333333
0.3333333333333333
0
0.3333333333333333
0.0
0.14285714285714285
0.25
0.5
0.0
1.0
0.6666666666666666
0.3333333333333333
0.6
0.75
0.4
0.0
0.42857142857142855
0.25
0.3333333333333333
0.5
0.8333333333333334
0.75
0.2
0.2
0.0
0
0.16666666666666666
0.42857142857142855
0.5
0.25
0.4
0.0
0.8333333333333334
0.2
0.5
0.0
0.8
1.0
0.0
0
0.0
0.0
0.4
0.3333333333333333
0.6666666666666666
0
0
0.8571428571428571
0.2857142857142857
0.3333333333333333
0
0.6666666666666666
0.2
0.5
0.5
0.25
0.25
0.0
0.0
1.0
0.6666666666666666
0.3333333333333333
0.0
0.6666666666666666
0.16666666666666666
0.3333333333333333
0
0.3333333333333333
1.0
0.8333333333333334
0.0
0.0
0.0
0.5
0.5
0.0
0.0
0.4
0.3333333333333333
0.2
0.0
0.25
0.4
0.0
0.3333333333333333
0.0
0.0
0
0
0
0.75
0.6666666666666666
0.3333333333333333
0.6666666666666666
0.5
0.3333333333333333
0.5
0.3333333333333333
0.0
0.0
0.5
0.3333333333333333
0.0
0.4
0.6666666666666666
0.3333333333333333
0.5
0.0
0.0
0.0
0.0
0.3333333333333333
0.2
0.6666666666666666
0.6
0.0
0.0
0.5
0.5
0.5
0
0.0
0.25
0.0
0.0
0
0.8
0.0
0.0
0.0
0.6
0.16666666666666666
0.75
0.5
0.0
0.0
0.6666666666666666
0.3333333333333333
1.0
0.16666666666666666
0.2
0.0
0.0
0.6666666666666666
0.2
0.0
0.25
0
0.6666666666666666
0.16666666666666666
0.5
0.5
0.5
0.0
0.4
0.25
0.0
0.2
0.6666666666666666
0.5
0.4
1.0
0.5
0.6666666666666666
0.0
0.6666666666666666
0.5
0.0
0.2
0.0
0
0.0
0.0
0.16666666666666666
0.25
0.6
0.5
0
0.5
0.75
0.75
0.5
0.25
0
0.0
0.0
0.3333333333333333
0.0
0.3333333333333333
0.5
0.0
0.5
0.4
0.3333333333333333
0
0.3333333333333333
0.25
0.0
0.0
0.0
0.0
1.0
0.0
1.0
0.3333333333333333
0.4
0.5
0.5
0
0.0
1.0
0.5
0.0
0
0.4
0.0
0.5
1.0
0.4
0.25
0.4
0.6
0.5
0.0
0.5
0.3333333333333333
0.6666666666666666
0
0.6666666666666666
0.6
0.25
0
0.0
0.5
0.0
0.8333333333333334
0.5
1.0
0.0
0.25
0.25
0.3333333333333333
0
0
0.4
0.2
0.0
0.2
0.0
0
0.0
0.6
0.6
0
1.0
0.5
0
0
0.0
0.0
0.6
0.0
1.0
0
0.0
0.0
0.0
0.0
0.25
0.2
0.5
0.0
0.0
0
0.3333333333333333
1.0
0.0
0.6666666666666666
0.0
0.25
0.0
0.0
0.4
0.5
0.6666666666666666
0.16666666666666666
0.0
0.0
0.6666666666666666
0.0
1.0
0.0
0.6666666666666666
0.0
0.75
0.5
0.0
0.8333333333333334
0.0
0
0.3333333333333333
0.5
0
0.3333333333333333
0.2
0.25
0.8
0.16666666666666666
0.5
0.0
0.3333333333333333
0.5
0.75
0.0
0.5
0.3333333333333333
0
0
0.3333333333333333
0.0
0.6
0.5
0.0
0.6
0.3333333333333333
0.0
0.0
0.2
0.0
0.3333333333333333
0
0.75
0
0.0
0.5
0.2
0.0
0.5
0.3333333333333333
0.5
0.0
0.3333333333333333
0.0
0.6666666666666666
0
0.3333333333333333
0.16666666666666666
0.16666666666666666
0.3333333333333333
0.3333333333333333
0.25
0.5
0.6666666666666666
0.0
0.2
0.5
0.5
0.0
0.0
0.6666666666666666
0.4
0
0.0
0.5
0.2
0.0
0.6
0.0
0.25
0.6666666666666666
0.75
0.3333333333333333
1.0
0.8
0.0
0.5
0.0
0.0
0
0.4
0
0.6
0.4
0.3333333333333333
0.6
0.6
0.0
1.0
0.25
0
0.2
0.5
0.25
0.6666666666666666
0
0.0
0.0
0.16666666666666666
0.25
0.5
0.0
0.25
0.0
0.25
0.2
0.5
0.16666666666666666
0
0.6666666666666666
0.5
0.5
1.0
0.0
0.0
0.25
0.0
0.25
0.3333333333333333
0.25
0.25
0.0
0.5
0.0
0.0
0.5
0.0
0.2
1.0
0.0
0.2
0.0
0.2
1.0
1.0
0.0
0.25
0.6
0.0
0.0
0.6
0.3333333333333333
0.4
0.5
0.0
0.0
0.3333333333333333
0.25
0.25
0.0
0.4
0.0
0.3333333333333333
0.4
0.16666666666666666
0.5
0.4
0.0
0.3333333333333333
0.0
0.0
0.0
0.5
0
0.0
0.5
0.6666666666666666
0.0
0.6666666666666666
0.3333333333333333
0.0
0
1.0
0.0
0.0
0.3333333333333333
0.2
0.0
0.3333333333333333
0.16666666666666666
0.5
0.0
0.6666666666666666
0.5
0.8
0.0
0.5
1.0
0
0.75
0.0
0.2
0.0
0.0
0.25
0.16666666666666666
0.6666666666666666
1.0
0.5
0.3333333333333333
0.0
0.2
0.75
0.5
0.0
0.5
0.4
0.6666666666666666
0.4
1.0
0.0
0.0
0.0
0.0
0.6
0.0
0.3333333333333333
0.6
0.0
0.0
0.25
0.0
0.8333333333333334
0.3333333333333333
0.4
0.4
0.2
0.0
0.2
0.0
0.6
0.0
0.2
0.4
0.6666666666666666
0.6666666666666666
0.16666666666666666
0
0
0.2
0.6
0.6
0.5
0.3333333333333333
0.5
0.0
0.5
0.2
0.6666666666666666
1.0
0.6666666666666666
0.25
0.3333333333333333
0.3333333333333333
0.3333333333333333
0.25
0.0
0.2
0.0
0.0
0.25
0.0
0.0
0.0
0.2
0.0
0.5
0.0
0.6
0.75
0.0
0.0
0.0
0.0
0.5
0
0.0
0
0.5
0.4
0.3333333333333333
0.25
0.3333333333333333
0.3333333333333333
0.25
0.75
0.6
0
0.0
0.0
0
0.3333333333333333
0.0
0.6
0.25
0.6666666666666666
0.0
0.0
0.0
0.5
0.75
0.0
0.5
0.0
0.0
1.0
0.0
0.0
0.6
0.2
1.0
0
0.0
0.3333333333333333
0.0
0.0
0.0
0.0
0.25
0.25
0.3333333333333333
0
0.8
0.2
0.0
0.25
0.3333333333333333
0.5
0
0.0
0.75
0.75
0.0
0.5
0.0
0.25
0.0
0.3333333333333333
0.5
0.0
0.2
0.5
0.0
0.6666666666666666
0
0.0
0.25
0.0
0.25
0.5
0.0
0.0
0.6666666666666666
0.0
0.3333333333333333
0.25
0.0
0
0.25
0.0
0.0
0.0
0.5
0
0.0
0.0
0
0.0
0
0.0
0.0
0.0
0.6
0.2
0.6
0.4
0
0.25
0.0
1.0
0.6666666666666666
0
0.0
1.0
0.5
0.25
0
0.0
0.0
0.5
0.5
0.3333333333333333
0.0
0.0
0.0
0.0
0.4
0.3333333333333333
0.5
0.5
0.6
0.4
0.4
0.75
0.3333333333333333
0.5
0.0
0.3333333333333333
0
0.0
0.3333333333333333
0.4
0.5
0.0
0.75
0.3333333333333333
0.25
0
0.4
0.2
0.25
0.0
0.2
0.2
0.2
0.25
0.0
0.6
0.6666666666666666
0
0
0
0.3333333333333333
1.0
0.5
0.5
0.25
1.0
0.5
0
0.4
0.2
0.0
0.0
0.5
0.0
0.0
0.2
0.0
0.0
0.0
1.0
0.0
0.0
0.0
0.4
0.0
0.3333333333333333
0.5
0.25
0.5
0.0
0.5
0.8
0.0
0.75
0.25
0.75
0.75
0.0
0.6666666666666666
0
0
1.0
0
0.25
0.5
0
0.75
1.0
0.4
0.0
0.0
0.3333333333333333
0.3333333333333333
0.25
0.0
0
0.0
0.5
0.4
0
0
0.6666666666666666
0.6666666666666666
0
0.5
0.0
1.0
0.3333333333333333
0.0
0.6
0.75
0.3333333333333333
0.2
0.0
0.6666666666666666
0.75
0.0
0.6666666666666666
1.0
0.4
0.0
0.0
0.25
0
0.0
0.0
0.0
0.0
0
0.3333333333333333
0
0.0
0.6666666666666666
0.3333333333333333
0.0
0.5
0.3333333333333333
0
0.0
0.5
0.0
0.0
0.0
0.0
0.3333333333333333
0.8
0.3333333333333333
0.25
0.5
0
0
0.0
1.0
0.5
0.2
0
0.25
0.8
0.0
0
0.75
0.0
0.6666666666666666
0.25
0.0
0
0.8
0.75
0.2
0.0
0.8
0.6666666666666666
0.2
0.25
0.6666666666666666
0.2
0
0.6
0.2
0
0.0
0.4
0.25
0.6
0
0.3333333333333333
0.5
0.2
0.2
0.2
0.0
0.3333333333333333
0.4
0.3333333333333333
0
0
0
1.0
0.0
0.0
0
0.25
0.5
0.2
0.2
0.4
0
0.0
0.25
0.0
0.2
1.0
0.0
0.0
0.75
0.0
0.0
0.0
0.2
0
0.5
0.0
0.4
0.8
0.0
0.4
0.5
0.6
0.5
1.0
0.0
0
0.0
0.6
0
0.6666666666666666
0.0
0.0
0.75
0.0
0.5
0.0
0.0
0.0
0.0
0.5
0.6
0
0.0
0
0.0
0.3333333333333333
0.5
0.0
0.0
0.5
0.5
0
0.2
0.25
0
0
1.0
0.3333333333333333
0.0
0.25
0.25
1.0
1.0
0.0
0.5
0
0.0
0.3333333333333333
0.4
0.25
1.0
0.0
0.25
0.5
0.0
0.75
0.5
0.25
0.0
0.2
0.6
0.25
0.0
0.0
0.0
0.0
0.4
0.5
0.2
0.0
0.0
0
1.0
0.5
0.5
0.5
0.2
0.75
0.0
0
0.0
0.0
0
0.75
0.0
0.5
0.0
0.5
0.6666666666666666
0.0
0
0
0.0
0.0
0.6
0
0.0
0.4
0.0
0.0
0
0.2
0.75
0.6
0.5
0.25
1.0
0.5
0
0.2
0.3333333333333333
0.0
0.2
0.0
0.0
0.6
0.75
0.3333333333333333
0.4
0.6666666666666666
0.6
0.4
0.5
0.5
1.0
0.0
0.75
0.0
0.0
0.0
0.0
0.75
1.0
0.3333333333333333
1.0
0.3333333333333333
0.0
0.3333333333333333
0.25
0.0
1.0
0.0
0.0
0.0
1.0
0.2
0.75
0.75
0
0.0
0.0
0
0.25
0
0.2
0.6
0.6666666666666666
0.5
0.0
1.0
1.0
0.25
0.6
0.4
0.0
0.5
0.2
0.0
0.2
0.6
0.0
0.0
0.0
0.3333333333333333
1.0
0
0.25
0.5
0.0
0.5
0.0
0
0.5
0.0
0.0
0
0.6
0
0.0
1.0
0.3333333333333333
0.25
0.0
0.0
0.5
0.0
0.4
0.2
0.0
0.6666666666666666
0.0
0.0
0.0
0.3333333333333333
0.6
0
0.3333333333333333
0.0
0.4
0
0
0.25
0.0
0.0
0
0.6
0.5
0.0
0.2
0.0
0
0.0
0.0
0.5
0.75
0.0
0.6
0.3333333333333333
0.0
0.0
0.2
0.3333333333333333
0.0
0.0
0.0
0.0
1.0
0.2
0.4
0.2
0.25
1.0
0.0
0.0
0.0
0.8
0.0
0
0.4
0.5
0.8
0.0
1.0
0.2
0.3333333333333333
0.5
0.0
0.0
0.3333333333333333
0.0
0.25
0
0.0
0.0
0.0
0.0
0.2
0.0
0.4
1.0
0.0
0.0
0.0
0.5
0.0
0.4
0.0
0.6666666666666666
0.0
0
0
1.0
0.0
0.5
0.25
0
0.5
0
0.0
0.3333333333333333
0.5
0.0
0.25
0.0
0
0.0
0.0
1.0
0.75
0.0
0.3333333333333333
0
0.3333333333333333
0.0
0.0
0.25
0.3333333333333333
0.0
0.0
0.75
0.5
0
0.5
0.0
0.25
0
0
0
0.0
0.25
0
0.5
0.5
0.3333333333333333
0.0
0.0
0.25
0.5
1.0
0.0
0.5
0.0
0.75
0.0
0.0
0.0
0.3333333333333333
0.25
0.0
0.0
0.0
0.0
0.0
0.3333333333333333
0.5
0.75
0.0
0.0
0.0
0.0
0.0
0.75
0.5
0
0.0
0.0
0.0
0.0
0.0
0
0
0.0
0.25
0
0.5
0.0
0.0
0.5
0.0
1.0
0.0
0.5
0.0
0.0
0.25
1.0
0.25
0.25
0.5
0.5
0.0
0.0
0.25
1.0
1.0
0
0.3333333333333333
0
0.75
0.0
0.0
0.5
0.3333333333333333
0.3333333333333333
0
0.3333333333333333
0.75
0
0.6666666666666666
0.5
0
0.0
0.25
0.0
1.0
0.75
0.0
0.5
0.5
0.0
0.0
0
0.5
0.0
0
0.0
0.0
0.3333333333333333
0.6666666666666666
0.6666666666666666
0
0
0.0
0.3333333333333333
0.6666666666666666
0.0
1.0
0.0
0.75
0.25
0.0
0.3333333333333333
0.25
0.3333333333333333
0.0
0.0
0.0
0.6666666666666666
1.0
0
1.0
0.5
0.0
1.0
0.0
0.0
0.0
0.0
0
0.0
0.0
0.3333333333333333
0.0
0.0
0.0
0.5
0.0
0.3333333333333333
0.0
0.6666666666666666
0
0
0.0
0.3333333333333333
0.0
0.25
0.0
0.0
0.25
0.5
0.25
0.0
0.25
0.0
0.0
0.0
0.5
0.0
0.3333333333333333
0.75
0
0.25
0.6666666666666666
0.0
0.0
0.6666666666666666
0.5
0.5
0.0
0.5
0.0
0.6666666666666666
0.6666666666666666
0.0
0.0
0.0
0.0
0.0
1.0
0.5
0.0
0
0.0
0.3333333333333333
0.0
0.3333333333333333
0.0
0.0
0.0
0.0
0.0
0.0
0.3333333333333333
0.3333333333333333
0.5
1.0
0.5
0.0
0.5
0.0
0.0
0.5
0.5
0
0
0
0
0
0.0
1.0
0.25
1.0
0.0
0.0
0.0
0.0
0.0
0.0
0.0
0.5
0.0
0
1.0
0.0
0.25
0.0
0.75
1.0
0.0
0.0
1.0
0
0.0
0.0
0.0
0.0
0.75
0
1.0
0.0
1.0
0.25
0.25
0.0
0.0
0
0
1.0
0.0
0.0
0.0
1.0
0.0
0
1.0
1.0
0.5
0
0.25
0.3333333333333333
0
0
0.0
1.0
0.0
0.5
0.6666666666666666
0.0
0.0
0.0
0.0
0.25
0
0.6666666666666666
0
0.25
0.0
0.0
1.0
0.25
0.0
0.0
0.0
0.0
0.5
1.0
0.0
0.0
0.3333333333333333
0.0
0.0
0.0
0.25
0.5
1.0
0.0
0.6666666666666666
0.0
0.0
0.3333333333333333
0.0
0.0
0.0
0.3333333333333333
0.25
0
0.5
0.0
0.0
1.0
0.3333333333333333
0.3333333333333333
0.0
0.0
0.0
0.3333333333333333
0.0
0.5
0.3333333333333333
0.25
1.0
0.5
0
0.25
0.0
0.0
0
0.5
0.3333333333333333
0.3333333333333333
0.0
0.0
0
0.3333333333333333
0.25
0
0.5
0.0
0
0.5
0.3333333333333333
0.0
0.0
0.0
1.0
0.5
0
1.0
0.0
0.25
0.5
0.0
0.0
0.5
0.5
0.0
0.5
0.0
0.25
0.0
0.5
0
0.0
0.3333333333333333
0
0
0.5
0.0
0.5
0.0
0.0
0
0.3333333333333333
0.5
0.25
0.0
0.0
0.0
0
0
0.0
0.0
0.6666666666666666
0.0
0.0
0.0
0.0
0
0.25
0.3333333333333333
0.0
0.0
0.0
0.0
0.25
0.0
1.0
0.0
0.0
0.0
0.0
0.0
0.5
0
0.0
1.0
0.75
0
0.0
0
0.0
0
0.25
0.25
1.0
0.0
0.5
0.0
0.25
1.0
0.5
0.75
0.0
0.0
0.5
0.0
0.5
0.5
0.0
0.0
0.5
0.3333333333333333
0.0
0.75
0.0
1.0
0.25
0
0
0.3333333333333333
0.25
0.0
0.5
0.0
0.6666666666666666
1.0
0.0
0
0.3333333333333333
0.5
0.6666666666666666
0.0
0
0
0.6666666666666666
1.0
0
0.0
1.0
0.0
0.0
0.0
0.75
0.3333333333333333
0
0
0.0
0.6666666666666666
0.0
0.0
0.0
0.0
0.25
0.75
0.0
0.25
0.25
0.5
0.0
0.0
0
0.0
0
1.0
0.0
0
0.0
0.5
0.0
0.0
0.0
0
0
0.0
1.0
0.0
0.25
0.0
0.0
0.5
0.0
0.5
0.0
0.0
1.0
0
0.5
0.0
0.0
0.3333333333333333
0.0
0
1.0
0.0
0.3333333333333333
0.0
0.0
0.3333333333333333
1.0
0.0
1.0
0.0
0.3333333333333333
0.6666666666666666
0.0
0.0
0.6666666666666666
0.0
0
0.0
0.3333333333333333
0.0
0.0
0.0
0
0
0.0
0.0
0.5
0.5
0.0
0.0
0.0
0.5
0.0
0.5
0.0
0.0
1.0
0.0
1.0
0.3333333333333333
0.3333333333333333
0.25
0.75
1.0
0
0.0
0
0.25
0.0
0.0
0.3333333333333333
0.0
0.0
0.5
0.0
0.25
0.5
0
0.0
0.0
0
0.5
0.0
1.0
0.0
0.5
0.5
0.0
1.0
0.5
0.25
0.0
0.5
0.5
0.5
0.0
0.0
0
0.5
0.0
0
0.3333333333333333
0.6666666666666666
0
0.0
0.25
0.3333333333333333
0
0.3333333333333333
0.0
0.0
0.0
0.0
0.5
0.0
0.0
1.0
0.3333333333333333
0
0.5
1.0
0.25
1.0
0.5
1.0
0.0
0.0
0
0
0.75
0.0
0.6666666666666666
0.0
1.0
0.25
0.6666666666666666
0.0
0.5
0
0.3333333333333333
0.0
0.0
0.0
0.25
0.0
0.0
0.0
0.0
0.3333333333333333
0.25
0.3333333333333333
0
0.6666666666666666
0.0
0.0
0
0.6666666666666666
0.0
0
0.6666666666666666
0.0
1.0
0.3333333333333333
0.5
1.0
0.0
0.5
0.25
0.0
0.0
1.0
0.0
0.0
0.75
0.75
1.0
0
0.0
0
0.0
0.0
0.0
0.0
0.5
0
0.3333333333333333
0.0
1.0
0.25
0.5
0.5
0.0
0.5
0
0.0
0.0
1.0
0.3333333333333333
0.3333333333333333
0.25
0.0
0.0
0.6666666666666666
0.0
0.5
0.0
0.3333333333333333
0.0
0.0
0.3333333333333333
1.0
0.6666666666666666
0
0.0
0
0.0
0.5
1.0
0.3333333333333333
0.0
0
0.0
0.3333333333333333
1.0
0.6666666666666666
0.0
0.0
0.5
0.0
0.0
0.25
0.0
0.0
0.0
0.75
0
0.5
0
0.5
0.3333333333333333
0.0
1.0
0.0
0
0.0
0.0
0.0
0.5
0.3333333333333333
0.0
0.0
0.0
0.0
0.0
0.0
1.0
0
0.3333333333333333
1.0
0.5
0.0
0.0
0.5
0.0
0.0
0.25
0.0
0.0
0.0
0.0
0.5
0.0
0.0
0.0
0.0
0.3333333333333333
0.0
0.5
0.6666666666666666
0.0
0
0
0.25
0.25
0.25
0.0
0.5
0.75
0.5
1.0
0.5
0.0
0
0.5
0.0
0.3333333333333333
0.5
0.5
0
0.0
1.0
0.5
0.0
0.0
0.0
0.0
0
0
0.6666666666666666
0.0
0.6666666666666666
0.0
0.5
0.3333333333333333
0.75
0.25
0.0
1.0
0.0
0.0
0.0
0.0
0.5
0.0
0.25
0.6666666666666666
1.0
1.0
0.0
0.0
0
1.0
0.3333333333333333
0.75
0.0
0.0
0.3333333333333333
0.3333333333333333
0
0.75
0.5
0.25
0.0
0.5
1.0
0.5
0.5
0.0
0.0
0
0.0
0.0
0.0
0.25
0
0.0
0.5
0.0
0.0
0.0
0.3333333333333333
0.3333333333333333
0.3333333333333333
0.5
0.0
0.0
0.0
0.0
0.0
0.5
0.0
0
0.0
0.25
0.0
0.0
0
0.0
0
0
0
0.0
0.0
0.0
0.0
0.5
0.0
0
0.0
0.3333333333333333
0.3333333333333333
0
0.0
0.0
0.0
0.6666666666666666
0.0
0.0
0.0
0.6666666666666666
1.0
0.5
0.0
0.6666666666666666
0.0
0.3333333333333333
1.0
0.0
0
0
1.0
0
0.0
0.0
0.0
0.0
0.0
0.0
0
0.0
0.0
0.0
0
0.0
0.0
0.0
0.0
0.0
0.0
0.0
0.5
1.0
0.3333333333333333
0.6666666666666666
0.0
0.0
0.6666666666666666
0.0
0.3333333333333333
1.0
0.0
0
0.3333333333333333
1.0
0
0.0
0
0.0
0.0
0.0
0.0
0.0
0.6666666666666666
0.0
0.0
0.0
0.0
0
0.0
0.3333333333333333
0.0
0.0
0.0
1.0
1.0
0.0
0.0
0.6666666666666666
0.0
0.0
0.6666666666666666
0.0
0
1.0
0.5
0.0
0.3333333333333333
0.0
0.0
0.0
0.0
0.5
0.5
0.5
1.0
0.5
0.0
0.3333333333333333
0.6666666666666666
0.0
0.0
1.0
0.6666666666666666
0
0.3333333333333333
0.0
0.0
0.0
0.6666666666666666
0.3333333333333333
0.0
0.0
0.3333333333333333
0.0
0
0.0
0
0.0
0.0
0.5
0.0
0
0
0.6666666666666666
0.3333333333333333
0.5
0.3333333333333333
0.0
0
0.3333333333333333
0.0
0.5
0.0
0.0
0.0
0
0
0.0
0
0.0
0
0.0
0.0
0.0
0.6666666666666666
0.6666666666666666
0.3333333333333333
0.6666666666666666
0.3333333333333333
0.0
0.6666666666666666
0
1.0
0.3333333333333333
0.0
1.0
0.0
0.3333333333333333
0.5
0.0
0.3333333333333333
0.5
0.0
1.0
1.0
0
0
0.0
0.0
0.6666666666666666
0.3333333333333333
0.6666666666666666
0.6666666666666666
0
0.5
0
0.0
0.3333333333333333
0
0.6666666666666666
0
0
0.0
0.6666666666666666
0.5
0.0
0.5
0.0
0.0
0.3333333333333333
0.0
0
0.5
0.0
0.3333333333333333
0.6666666666666666
0.5
0
1.0
0
0.0
0.0
0.0
0.0
1.0
0.0
0.5
0.0
0.5
0
0.0
0.0
0.0
0.0
0.0
0
0.0
0.5
0.0
0.0
0.0
0.0
0.6666666666666666
0.0
0
0.6666666666666666
0
0
0.0
0
1.0
0
0.0
0.5
1.0
0.0
0.0
1.0
0
0
0.6666666666666666
0.6666666666666666
0.0
0.0
0.0
0.0
0.0
0.0
0.0
0.0
1.0
0.0
0
0.6666666666666666
0.0
0.6666666666666666
0.6666666666666666
0
0.0
0.5
0.0
0.5
0.3333333333333333
1.0
0.0
0.0
0.0
0.5
0.5
0.0
1.0
0.3333333333333333
1.0
0
0.0
0.0
0.0
0.0
0.5
1.0
0.0
0.0
0.0
0.3333333333333333
0.0
0.3333333333333333
0
0.0
0.3333333333333333
0.0
0.0
0
1.0
0.5
0.0
0
0.0
1.0
0.0
0.0
0.5
0.0
1.0
0.0
0.0
0.0
0.6666666666666666
0.6666666666666666
0.0
0.0
0.0
0
0.0
0
0.0
0.6666666666666666
0.0
0.5
0
0.5
0.3333333333333333
0
0.0
0.0
0.0
0
0.0
0.0
0.5
0
0.0
0.5
0.0
1.0
1.0
1.0
0
0.5
0.0
0.5
0.0
0.0
0.0
0.0
0.0
0.3333333333333333
0.3333333333333333
0.3333333333333333
0.0
1.0
0.0
0.0
0.0
0
0.0
0.0
0.0
0.0
0.6666666666666666
0.0
0.3333333333333333
0.0
0.5
0
0.0
0.5
0.5
0
0.0
1.0
0.0
0.6666666666666666
0.0
0.0
0.0
0.0
0.5
0.0
0
0.0
0.0
0.0
0.6666666666666666
0.3333333333333333
0.0
0.5
0.0
0.0
0.3333333333333333
0.0
0
0
0.0
0.0
0.0
0.0
0.0
0.6666666666666666
0.5
0.0
0.3333333333333333
0.0
1.0
0.0
0.3333333333333333
0.0
0.5
0
0.0
0
0.0
0.5
0.0
0.0
0.0
0.0
0.3333333333333333
0.0
0.0
0.5
0
0.5
0.0
0.3333333333333333
0.0
0
0.0
0.3333333333333333
0.0
0.0
0.0
0.3333333333333333
0
0.3333333333333333
0.0
0.3333333333333333
0.3333333333333333
0.0
1.0
0.3333333333333333
0.0
1.0
1.0
0.0
0.0
0.0
0.5
1.0
0.5
0.0
1.0
0.0
0.0
0
0.0
0.6666666666666666
0.3333333333333333
0.3333333333333333
1.0
0
0.0
0.0
1.0
0.3333333333333333
0.3333333333333333
0.3333333333333333
0.0
1.0
0
0.3333333333333333
0.5
0
0.6666666666666666
0.0
0.6666666666666666
0.0
0.0
0.0
0
0
0.0
0.0
0.3333333333333333
0.0
0
0
0.0
0.6666666666666666
0.3333333333333333
0.5
0.3333333333333333
0.3333333333333333
0.5
0
0
0.0
0
0
0.0
0.0
0.0
1.0
1.0
0.5
0
0.0
0.0
0.3333333333333333
0.0
0.0
0.0
0
0.0
0.0
0.0
0.0
0.5
1.0
0
0.0
0
0.0
0
0.0
0.0
0.0
0
0.0
0.0
0.0
0.0
0.0
0.0
0.3333333333333333
0
0.0
1.0
0.3333333333333333
0.0
0
0
0.0
0.0
0.0
0
0.0
0
0
0.0
0.5
0.0
1.0
0
0.0
1.0
0.0
0.0
0.0
0.0
1.0
0.3333333333333333
0.5
1.0
0.5
0.0
0.0
1.0
0.3333333333333333
0.0
0.0
0.0
1.0
0.0
0.5
0.0
0
0.3333333333333333
0.0
0.3333333333333333
0.3333333333333333
0.0
0.5
0.0
0.0
0.3333333333333333
0.0
0.5
0
0
1.0
0
0.0
0.0
0.0
0.0
0.0
0
0
0.0
1.0
0.3333333333333333
0.0
0.0
0.0
0.0
0.0
0
0
0.0
0.0
0.0
0.0
0
0.0
0.0
0.3333333333333333
1.0
0.0
0.3333333333333333
1.0
0.0
0.0
0.0
0
0.0
1.0
1.0
0.0
0.3333333333333333
0.0
0.0
0
0.0
1.0
0.0
0.0
0.0
0.5
0.6666666666666666
0.3333333333333333
0.0
0.0
0.0
0.0
0.0
0
0
0.0
0.6666666666666666
1.0
0.0
0.0
0.3333333333333333
0.5
1.0
0
0.3333333333333333
0
0.0
0.6666666666666666
0.3333333333333333
0.6666666666666666
0.0
0.0
1.0
0
0.0
1.0
0.3333333333333333
0.0
0.0
0.0
0.0
0.0
0
0.3333333333333333
0.0
0.3333333333333333
0.0
0.0
1.0
0.0
0.6666666666666666
0
0.0
0
0
0
0.3333333333333333
0.0
0.0
0.0
0.5
0
0.0
0
0.0
0.0
0.0
0.5
0.0
0.0
0.0
0.0
0.3333333333333333
1.0
1.0
1.0
0.3333333333333333
0.0
0.3333333333333333
0.0
0.0
0
0.0
0.0
0.5
0.0
1.0
0.5
0.3333333333333333
0.5
0.0
0.0
0.0
0
0.3333333333333333
0
1.0
0
0
0.5
0.3333333333333333
0.5
0.5
0
0.0
0.0
0.6666666666666666
0
0.0
0.0
0.5
0.5
0.0
0.0
1.0
0.0
0.0
0
0.0
0.3333333333333333
0
0.0
0.0
0.0
0.3333333333333333
0.5
0
0.0
0.0
0.0
1.0
0
0.3333333333333333
1.0
0.0
0
0.0
0.0
0
0
0.0
1.0
0.5
0.0
1.0
0.0
0
0.0
0.0
1.0
0.0
0.6666666666666666
0.0
0.0
0.0
0
0.0
0.0
0.0
0.3333333333333333
0.0
0.0
0
0.0
0.0
1.0
0.0
0
0.0
0
0.5
0
0.6666666666666666
0.0
0.0
1.0
0
0.0
0.3333333333333333
0.0
0
0.0
1.0
0.0
0.3333333333333333
0.0
0.0
0.0
0.0
0.0
0.0
0.0
1.0
0
0.5
0.5
0.3333333333333333
0.0
0.0
0.0
0.0
0.3333333333333333
0.0
0
0.5
0
0
0.0
0.0
0.3333333333333333
0.0
1.0
0
0.3333333333333333
0.5
0.0
0.0
0.0
0.0
0
0.0
0.0
0.0
0.0
0.0
0.0
0.0
0.0
0.5
0.0
0
0.0
0.3333333333333333
0.0
0.3333333333333333
0.0
0
0.0
0.0
1.0
0.0
0.0
0.0
0.0
0
0.0
0.0
0
0.3333333333333333
0.0
0.0
0.0
0.3333333333333333
0.0
0.6666666666666666
0.0
0.0
0.0
0.6666666666666666
0.0
0
0.6666666666666666
0.0
0.0
0.3333333333333333
0.3333333333333333
0.3333333333333333
0.3333333333333333
0.5
1.0
0.3333333333333333
0.0
0.0
0
0.0
1.0
0.6666666666666666
0
0.0
0.5
0
0.5
0.6666666666666666
1.0
0.5
0.3333333333333333
0.0
0.0
1.0
0.0
0.3333333333333333
0.0
0.0
0.5
1.0
0.5
0.3333333333333333
0.0
0.0
0.0
0.0
1.0
0.0
0.0
0.0
1.0
0
0.0
0.0
0.6666666666666666
0.5
0.0
0
0.6666666666666666
0.0
0.5
0.0
0.6666666666666666
0.0
0.3333333333333333
0.0
1.0
0.0
0.0
0.0
0.3333333333333333
0
0
0.0
0
0.0
0.0
0.5
0.6666666666666666
1.0
0.0
0.3333333333333333
0.6666666666666666
0.0
0.3333333333333333
0.5
0.3333333333333333
0.3333333333333333
0.0
1.0
0.0
0.6666666666666666
0.0
0.0
0
1.0
0.0
0
0.0
0.6666666666666666
0.0
0.3333333333333333
1.0
0.0
0
0.5
1.0
0
0.6666666666666666
0.5
0.0
0.0
0.3333333333333333
0.3333333333333333
1.0
0.0
0.0
0.0
0
0.6666666666666666
0.5
0.3333333333333333
0.0
0.0
0.0
1.0
0.0
0.0
0
0.0
0.5
0.0
