58 495 1631 2317 2931 3171 3297 3332 3404 3591 3595 3770 3950 4626 4662 4871 4889 5324 5614 5991 6103 6968 7801 7867 8903 9907 10008 10204 10272 10288 10508 10588 11009 11226 11320 11650 11853 11919 12684 12802 12803 12804 12805 12831 13172 13363 13923 13924 14662 14851 15026 15165 15191 15282 15300 15336 15833 16163 16424
32 493 942 1519 1843 1844 1896 2819 3391 5572 6457 7399 8669 8990 10413 11913 12588 12896 13468 13616 13846 13999 14037 14476 15047 15382 15422 15458 15515 16022 16098 16438 16495
17 791 800 1329 1767 1984 3009 4671 4792 5129 5266 6331 6385 6449 7748 7872 8800 9090
6 706 709 721 892 895 5056
10 761 2678 4034 4035 5439 5494 7798 9046 11904 13250
26 648 649 661 690 691 809 899 953 954 1964 1965 2025 3033 4075 5451 5548 5772 6037 6344 7167 7168 7302 7342 8024 8034 9481
10 3292 3579 3917 6247 6723 7492 7495 7499 8644 11253
7 2526 8898 11105 11321 11546 12899 13587
29 861 2215 2461 3082 3445 3446 4363 4397 4506 4832 4887 5118 5138 5267 5433 6364 6783 6956 6979 7280 7568 8587 8811 9055 9604 9849 10964 11828 11906
23 746 830 2000 2095 2439 2476 3593 3887 6620 7518 7590 7786 8183 8286 8469 8703 8711 9590 10384 11900 13415 14002 14329
28 135 240 773 1126 1128 1238 1423 2449 2451 2452 2770 2914 3569 3660 3672 4702 4775 4780 5040 5216 6355 7650 7706 8968 9134 10410 10712 11028
51 211 277 450 970 1041 1116 1919 2094 2445 2451 2742 2914 3007 3076 3120 3866 4010 4012 4254 4381 4550 4551 4605 4609 4610 4638 4728 4777 4953 5001 5005 6431 6657 6797 8071 9024 9630 9648 9780 10276 11129 11135 11175 11209 11664 12000 12313 12352 12463 12969 14287
72 2 14 122 352 407 617 927 1480 2198 2289 2768 2975 3160 3307 3358 3627 3814 4202 4211 4223 4408 4411 4943 4979 5130 6164 6191 6442 6782 6820 6890 7369 7870 8062 8119 8138 8153 8594 8711 8934 9835 9887 10230 10265 10628 10683 10987 11246 11277 11491 11504 11567 11602 11731 12391 12990 13002 13916 14187 14254 14789 15244 15878 15955 15957 15978 16039 16045 16223 16300 16721 16814
18 277 966 1403 1837 1929 2589 2829 2878 3075 3877 4579 4777 5040 6037 6512 7000 7054 7229
11 374 2533 4079 4420 7029 7453 9628 10737 12571 12681 13447
9 823 4179 6359 11640 12826 15113 16045 16098 16319
15 220 885 1180 1181 2462 2635 2794 5603 5849 8020 10918 12201 13086 14022 15928
10 441 2720 2821 3481 3970 4139 4667 6416 6572 7313
10 2464 3064 3614 4235 4629 4797 5836 5994 6863 9700
22 6484 10505 10605 11158 11211 11328 11584 12462 12506 12842 13095 13443 13444 13491 13874 13942 14164 14168 14176 14177 14348 14523
89 20 264 328 752 903 921 944 994 1005 1007 1113 1114 1122 1181 1194 1197 1210 1534 1544 1565 1602 1625 1626 1677 1689 1691 2166 2416 2710 3213 3316 3321 3364 3365 3367 4388 4957 5044 5070 5107 5108 5615 5616 5617 5618 5619 5620 5621 5622 5623 5624 5625 5627 5628 5632 5633 5635 5659 5721 5876 5877 5878 5879 5880 5882 5883 5885 5886 5887 5890 5891 5892 5893 5894 5895 5896 5897 5898 5899 5901 5902 5903 7072 9761 9864 9865 9866 10363 15131
68 20 108 752 944 994 1005 1007 1113 1114 1168 1181 1194 1210 1250 1534 1544 1565 1602 1626 1664 1665 1671 1677 1689 1691 2219 2368 2416 2596 2710 3213 3316 3321 3364 3365 4388 4957 5044 5107 5659 5875 5877 5878 5879 5880 5881 5882 5883 5884 5885 5886 5887 5888 5889 5890 5891 5892 5893 5894 5896 5897 5898 5899 5900 5901 5902 5903 5904
64 280 285 286 398 399 430 710 711 814 909 910 1156 1355 1358 1364 1368 1371 1372 1707 2334 2338 2342 2345 2346 2785 2787 2790 2883 2921 2983 3067 3226 3502 3658 3659 3687 3688 4461 4462 4585 5395 5602 5603 5733 5781 5782 6919 6938 6971 6972 6973 7096 7187 7349 7401 7506 8016 8112 8178 8698 9374 9759 10465 11697
153 461 466 501 687 1303 1304 1580 1599 1673 1737 1937 2193 2364 3088 3441 3691 3726 3903 3962 4048 4155 4177 4310 4329 4359 4689 4850 4872 4910 4915 5164 5165 5166 5344 5376 5380 5638 5716 5717 5818 6273 7076 7260 7312 7371 7561 7617 7758 7824 8362 8683 8755 9130 9321 9420 9497 9625 9692 9693 9695 9903 9905 9914 10041 10215 10252 10315 10530 10632 10648 10662 10706 10714 10716 10722 10730 10757 10768 10794 10943 10950 11191 11246 11273 11323 11582 11819 11838 12084 12153 12227 12288 12429 12509 12615 12643 12790 12919 12945 13034 13058 13078 13092 13110 13286 13301 13348 13357 13410 13542 13546 13547 13610 13647 13745 13886 13900 14008 14173 14201 14449 14498 14502 14526 14556 14580 14635 14640 14656 14703 14705 14729 14770 14782 14946 15030 15066 15141 15218 15225 15267 15354 15357 16064 16066 16134 16383 16493 16499 16520 16606 16610 16743
26 23 28 73 380 2533 7004 9999 10919 10944 10966 11885 12146 12148 13972 14262 14790 15158 15200 15328 15348 15584 15600 15640 15676 16325 16464
16 826 1141 1720 1721 1832 2159 2211 4881 4958 5550 5819 5895 7507 7554 7555 13081
17 3970 4018 4406 4587 5223 5745 5977 6416 6572 8851 8901 9842 10240 11743 12771 12974 15246
29 100 380 477 740 1084 1839 2597 2691 3324 3327 3329 3467 3844 5941 6798 6799 6800 6802 6803 6806 6807 6808 6809 6810 6811 8346 10176 10934 10935
9 1181 1213 1345 2216 3414 4343 5056 6544 7827
10 1192 1915 1917 1974 2609 3533 3666 7018 7519 9162
29 107 586 1525 1550 1563 1584 1640 1704 2024 2048 3529 3853 4094 4586 4759 4761 5233 6138 6289 6423 6969 9078 9882 10780 10781 10828 10872 11182 11890
14 618 752 3100 3734 4211 6177 8836 12878 13319 13898 14105 14134 14379 16202
11 2744 4988 5774 7545 8420 8511 9164 9893 9966 10304 10495
24 3646 8949 8982 10182 10991 11838 11918 12043 12530 13058 13191 13410 13647 14276 14684 14705 15413 15614 15858 15908 16101 16192 16392 16609
54 29 70 241 561 922 1107 1187 1203 1213 1665 2221 2240 2351 2494 2500 2835 3181 3188 3710 3735 3777 4059 4112 4171 4820 5848 6338 6639 6948 6962 7200 7382 7625 7915 8157 9009 9499 9867 9964 10270 11208 11772 12331 12513 12520 13124 13182 13490 13873 14345 14823 15194 15266 15931
26 917 939 1922 2258 2653 2715 2954 4873 5265 6317 6739 6917 7672 8164 8593 9056 9155 9193 10089 10651 10699 10861 11100 13859 13887 14687
9 1130 2269 3230 6413 9580 9688 10910 11236 11977
24 32 135 659 660 859 861 1745 1820 2682 2691 2829 2901 3310 3315 3973 4755 5168 5372 6326 6548 7622 9293 9376 11836
8 2712 6325 12505 13279 13534 14629 15759 16166
20 5615 5616 5617 5618 5619 5620 5621 5622 5623 5624 5625 5626 5627 5629 5630 5631 5632 5633 5634 5635
13 442 822 1247 2389 2419 2441 2653 3091 8116 8733 9025 11159 13742
27 914 1147 1379 1382 1442 1446 1448 1449 1757 1759 1980 2686 4454 4764 5820 6319 6430 6448 6664 7208 7515 9342 9744 10127 10790 11966 12585
33 1041 1136 1375 1933 1947 1948 1951 3051 3158 3498 4133 4251 4256 4257 4260 4262 4791 5322 5389 6020 7142 7914 8017 8519 8870 10218 10404 10797 10812 11243 11741 11948 12132
67 151 249 291 549 933 1034 1097 1100 1104 1345 1847 1865 2008 2235 2302 2312 2323 2397 2400 2404 2405 2723 3187 3213 3446 3767 3808 3839 3972 4181 4343 5910 6169 6354 6617 6880 7177 7194 7308 7399 7515 7540 7552 7731 7734 7747 7800 8406 8569 8701 9105 9720 9740 9753 10354 10363 10481 10529 10556 10765 10766 11527 13094 13463 13593 13643 15031
26 14 16 17 216 226 380 477 511 1226 1706 1796 3433 3484 3912 3981 4854 5273 6766 7154 8050 9290 9400 10416 10583 11164 11205
18 229 245 619 650 1648 1883 1884 1885 2384 3022 3141 3442 3444 3528 5591 5935 12410 16294
90 131 628 1079 2659 4046 4309 4310 6360 8166 8302 8755 8797 10125 10560 10608 11956 12085 12115 12154 12290 12516 13001 13109 13239 13289 13321 13353 13840 13863 13938 13963 14062 14222 14227 14240 14259 14276 14409 14443 14580 14647 14818 15153 15237 15286 15471 15521 15531 15532 15537 15573 15585 15605 15609 15655 15659 15754 15768 15817 15867 15907 15977 15997 16064 16164 16303 16309 16362 16433 16434 16436 16522 16562 16581 16606 16609 16610 16619 16638 16710 16714 16723 16732 16743 16768 16775 16803 16807 16817 16819
21 485 1582 1616 1620 1657 1810 2927 3125 3127 3212 4404 4869 6432 7587 7596 8336 10376 10637 10776 11075 14526
28 17 1213 1727 1856 2194 2216 2944 3331 3413 3441 3897 4303 4651 5429 5469 5944 7043 7465 7468 7612 7954 8154 8566 8590 9147 9696 10814 10815
305 15 20 50 60 70 94 128 129 130 208 229 342 585 684 761 767 772 777 781 984 1018 1078 1081 1181 1192 1212 1219 1270 1290 1292 1293 1300 1305 1307 1308 1309 1310 1311 1312 1313 1502 1543 1557 1559 1562 1580 1586 1605 1611 1613 1615 1616 1619 1632 1636 1648 1665 1668 1673 1685 1802 1803 1810 1901 2062 2194 2222 2223 2225 2240 2295 2370 2421 2457 2582 2628 2709 2782 2815 2825 3216 3331 3362 3380 3450 3604 3647 3840 3852 4071 4163 4165 4308 4547 4799 4914 4959 4965 5169 5209 5255 5278 5302 5360 5376 5461 5470 5471 5472 5473 5474 5475 5480 5481 5487 5489 5491 5496 5497 5499 5501 5503 5504 5506 5509 5599 5714 5724 5787 5900 5930 5952 5957 5978 6071 6204 6227 6237 6259 6264 6304 6529 6592 6713 6715 6789 6976 7052 7058 7114 7189 7230 7286 7304 7335 7384 7423 7643 7754 7905 7955 7985 8134 8180 8264 8277 8366 8381 8452 8584 8708 8755 8776 8806 8879 8998 9112 9113 9137 9138 9410 9418 9430 9469 9652 9676 9695 9721 9841 9951 10119 10134 10187 10269 10293 10338 10363 10517 10575 10610 10753 10894 10977 11002 11197 11265 11290 11598 11624 11703 11827 11898 11922 11978 12024 12025 12113 12124 12134 12149 12220 12240 12287 12385 12500 12560 12725 12782 12880 12976 12997 13036 13052 13109 13110 13142 13239 13250 13292 13382 13392 13429 13540 13561 13759 13853 13945 13949 13958 14120 14189 14202 14327 14425 14441 14501 14551 14595 14658 14659 14732 14791 14800 14921 15041 15101 15127 15150 15154 15263 15441 15501 15573 15577 15647 15648 15700 15740 15786 15839 15871 15899 16001 16169 16193 16215 16245 16253 16255 16330 16391 16452 16453 16487 16501 16509 16515 16530 16564 16601 16623 16656 16664 16846 16901