12 495 1631 2317 2931 3171 3297 3332 3404 3591 3595 3770 3950
8 493 942 1519 1843 1844 1896 2819 3391
6 791 800 1329 1767 1984 3009
5 706 709 721 892 895
4 761 2678 4034 4035
14 648 649 661 690 691 809 899 953 954 1964 1965 2025 3033 4075
3 3292 3579 3917
1 2526
8 861 2215 2461 3082 3445 3446 4363 4397
8 746 830 2000 2095 2439 2476 3593 3887
15 135 240 773 1126 1128 1238 1423 2449 2451 2452 2770 2914 3569 3660 3672
20 211 277 450 970 1041 1116 1919 2094 2445 2451 2742 2914 3007 3076 3120 3866 4010 4012 4254 4381
22 2 14 122 352 407 617 927 1480 2198 2289 2768 2975 3160 3307 3358 3627 3814 4202 4211 4223 4408 4411
10 277 966 1403 1837 1929 2589 2829 2878 3075 3877
4 374 2533 4079 4420
2 823 4179
7 220 885 1180 1181 2462 2635 2794
6 441 2720 2821 3481 3970 4139
4 2464 3064 3614 4235
0
36 20 264 328 752 903 921 944 994 1005 1007 1113 1114 1122 1181 1194 1197 1210 1534 1544 1565 1602 1625 1626 1677 1689 1691 2166 2416 2710 3213 3316 3321 3364 3365 3367 4388
36 20 108 752 944 994 1005 1007 1113 1114 1168 1181 1194 1210 1250 1534 1544 1565 1602 1626 1664 1665 1671 1677 1689 1691 2219 2368 2416 2596 2710 3213 3316 3321 3364 3365 4388
39 280 285 286 398 399 430 710 711 814 909 910 1156 1355 1358 1364 1368 1371 1372 1707 2334 2338 2342 2345 2346 2785 2787 2790 2883 2921 2983 3067 3226 3502 3658 3659 3687 3688 4461 4462
25 461 466 501 687 1303 1304 1580 1599 1673 1737 1937 2193 2364 3088 3441 3691 3726 3903 3962 4048 4155 4177 4310 4329 4359
5 23 28 73 380 2533
7 826 1141 1720 1721 1832 2159 2211
3 3970 4018 4406
13 100 380 477 740 1084 1839 2597 2691 3324 3327 3329 3467 3844
6 1181 1213 1345 2216 3414 4343
7 1192 1915 1917 1974 2609 3533 3666
13 107 586 1525 1550 1563 1584 1640 1704 2024 2048 3529 3853 4094
5 618 752 3100 3734 4211
1 2744
1 3646
24 29 70 241 561 922 1107 1187 1203 1213 1665 2221 2240 2351 2494 2500 2835 3181 3188 3710 3735 3777 4059 4112 4171
7 917 939 1922 2258 2653 2715 2954
3 1130 2269 3230
15 32 135 659 660 859 861 1745 1820 2682 2691 2829 2901 3310 3315 3973
1 2712
0
8 442 822 1247 2389 2419 2441 2653 3091
13 914 1147 1379 1382 1442 1446 1448 1449 1757 1759 1980 2686 4454
16 1041 1136 1375 1933 1947 1948 1951 3051 3158 3498 4133 4251 4256 4257 4260 4262
31 151 249 291 549 933 1034 1097 1100 1104 1345 1847 1865 2008 2235 2302 2312 2323 2397 2400 2404 2405 2723 3187 3213 3446 3767 3808 3839 3972 4181 4343
15 14 16 17 216 226 380 477 511 1226 1706 1796 3433 3484 3912 3981
14 229 245 619 650 1648 1883 1884 1885 2384 3022 3141 3442 3444 3528
7 131 628 1079 2659 4046 4309 4310
11 485 1582 1616 1620 1657 1810 2927 3125 3127 3212 4404
12 17 1213 1727 1856 2194 2216 2944 3331 3413 3441 3897 4303
93 15 20 50 60 70 94 128 129 130 208 229 342 585 684 761 767 772 777 781 984 1018 1078 1081 1181 1192 1212 1219 1270 1290 1292 1293 1300 1305 1307 1308 1309 1310 1311 1312 1313 1502 1543 1557 1559 1562 1580 1586 1605 1611 1613 1615 1616 1619 1632 1636 1648 1665 1668 1673 1685 1802 1803 1810 1901 2062 2194 2222 2223 2225 2240 2295 2370 2421 2457 2582 2628 2709 2782 2815 2825 3216 3331 3362 3380 3450 3604 3647 3840 3852 4071 4163 4165 4308
13 328 944 1113 1122 1181 1203 1665 1891 1974 2390 3456 3475 4027
35 17 68 142 188 189 239 244 289 396 433 663 709 1033 1162 1342 1346 1347 2216 2379 2498 2769 2803 2872 3003 3008 3120 3205 3428 3598 3660 3892 3914 3951 4327 4496
15 226 449 807 876 1403 1841 2446 2874 2901 2978 3027 3045 3260 3611 4212
5 205 1021 2491 2657 2710
19 260 352 440 465 879 1742 2264 2511 2706 2709 2802 2875 3273 3307 3308 3312 3862 4143 4338
22 495 501 767 1199 1240 1345 1537 1538 1626 1694 1704 2146 2196 2710 2728 3072 3088 3381 3601 3690 3804 4159
3 705 2346 3536
4 1226 2629 3839 4384
3 579 614 727
10 671 760 828 929 1209 2226 2227 2229 2388 2838
5 845 1104 1192 1203 1944
1 1665
1 3815
5 148 937 1903 1910 2391
1 4117
3 474 1767 2448
30 91 97 121 276 380 597 692 740 758 760 786 934 1009 1035 1103 1122 1132 1146 1379 1441 1675 1690 1900 1950 2029 2353 2822 3710 4027 4302
7 615 882 1117 1462 2358 3096 3981
15 357 1740 2067 2068 2069 2070 2072 2074 2381 2570 3719 4174 4294 4389 4391
0
24 450 884 921 976 1090 1104 1230 1706 1900 1974 2216 2596 3354 3710 3711 3737 4100 4167 4171 4187 4343 4344 4345 4346
10 17 490 1213 1346 1359 2312 2397 4101 4334 4343
6 14 79 477 746 2778 4202
2 1090 4086
4 1687 2145 2582 4179
22 3 81 113 250 935 1557 1563 1579 1586 1588 1608 1647 1658 2524 3141 3148 3202 3206 3529 3634 4049 4096
4 2164 2301 3885 4254
6 446 1886 2947 3222 3342 4307
3 1791 3631 4130
1 2794
3 977 1811 3775
2 830 856
100 270 294 475 563 565 568 571 595 596 601 603 604 605 607 608 611 612 614 616 617 618 620 622 623 624 625 626 627 632 633 639 644 645 646 651 652 668 682 725 726 732 733 735 740 741 747 758 769 787 788 789 790 794 811 812 905 1053 1102 1177 1192 1331 1384 1407 1408 1409 1493 1516 1732 2007 2110 2198 2199 2250 2252 2253 2465 2684 2822 2837 2847 2943 2958 3005 3015 3100 3126 3128 3139 3357 3459 3651 3695 3753 3754 3755 3818 4222 4231 4245 4322
2 1203 2066
16 1730 2049 2382 2478 2623 2715 2732 2743 2749 2806 2895 3231 3232 3699 4078 4080
7 328 929 1167 1209 1665 2388 3516
20 140 197 335 348 637 659 676 724 755 893 2207 2467 2534 2769 2953 3095 3810 4020 4036 4102
27 546 642 1330 1821 1822 1823 1824 1825 1826 1827 1828 1829 1830 1831 1832 1833 1834 1836 1837 1838 1839 1840 1841 1842 1956 1970 3943
6 680 1478 1933 2297 2986 4223
10 99 240 809 1363 1372 1401 2336 4462 4464 4493
34 18 19 28 247 380 400 477 483 703 704 779 917 920 1009 1015 1107 1178 1192 1259 1520 1616 1617 1650 1941 1950 2127 2171 2411 3446 3573 3694 3710 3933 3959
13 30 120 134 135 136 137 149 447 656 2265 2283 2315 2352
3 1712 1931 2383
21 80 97 158 176 317 504 534 663 1149 1159 1272 1763 1777 1987 2103 2311 3293 3907 3981 4082 4284
16 150 173 174 175 221 274 302 307 308 378 409 750 2437 2670 3115 4286
12 32 119 265 335 746 1263 1747 1903 2293 2505 2547 3648
15 247 681 888 1454 1767 1946 1948 2100 2486 2930 3051 3891 4020 4099 4364
18 17 132 286 453 546 755 895 1151 1394 1423 2087 3176 3223 3808 3973 3978 3981 4313
6 380 2433 4027 4079 4135 4331
11 139 888 1734 2828 3921 3922 3981 4409 4426 4427 4446
12 247 1247 1482 1784 2355 2378 3333 3388 3435 3830 4343 4421
10 1003 1423 1835 1862 2114 2235 2782 3445 3494 3495
9 560 680 1332 1403 1875 2434 3866 4254 4445
2 2053 4421
7 255 1860 2308 2728 3391 3839 4062
16 546 568 584 595 790 902 1331 1384 1409 1487 1978 2120 2121 2198 2453 3651
0
10 16 132 906 1042 1377 1751 2542 3426 4036 4498
29 14 23 48 101 485 703 792 1047 1048 1245 1353 1383 1391 1400 2032 2206 2357 2369 3077 3078 3079 3080 3082 3083 3086 3445 3472 3858 4164
8 49 54 1028 1050 1818 1852 1866 2525
4 1115 1157 2560 2566
4 106 3932 3941 3942
67 44 45 76 139 163 167 192 198 217 265 280 348 369 398 423 443 451 527 557 615 718 881 1117 1118 1263 1285 1286 1326 1327 1348 1371 1372 1401 1419 1428 1434 1778 1924 1997 2057 2082 2098 2124 2324 2389 2391 2445 2546 2547 2631 2637 2984 2988 3026 3080 3118 3233 3234 3510 3527 3593 3981 4040 4073 4148 4367 4445
5 845 2691 3528 4052 4189
17 436 521 523 1027 1043 1187 1198 1201 1484 1975 2216 2220 2221 2228 2237 3186 3582
6 903 1160 1397 2305 2711 4491
45 4 19 48 69 109 294 400 476 477 635 769 905 921 1002 1090 1104 1159 1175 1520 1546 1594 1595 1610 1755 1772 2045 2121 2270 2284 2604 2750 3101 3166 3321 3422 3457 3496 3504 3760 3929 4050 4136 4234 4330 4386
3 2462 2489 3892
24 28 48 151 242 247 249 332 400 483 1379 1440 2221 2462 2489 2613 2759 2789 2794 3178 3414 3520 3660 3782 3981
4 453 524 656 1876
3 426 2900 4484
3 250 2240 3191
0
4 156 728 3113 4079
10 405 559 888 1134 1930 1933 2836 3953 4130 4131
3 665 3245 3690
7 110 227 866 2582 3362 3561 3899
10 684 767 1130 1648 2364 2667 3169 3693 4028 4291
3 1199 1897 2084
5 1957 2725 2760 3118 3932
18 27 485 866 1023 1199 1535 1580 1588 1648 2236 2418 3148 3216 3448 3646 3647 3812 4158
5 607 1409 2198 4037 4108
0
8 1046 2592 2992 3120 3665 3668 3877 4370
12 197 223 230 335 1041 1435 1729 1909 2201 2299 2430 3160
11 22 481 1796 1828 1840 2078 2691 2767 3326 3844 4207
4 837 1709 1732 3431
6 761 1296 1305 1317 2240 4246
13 97 482 705 802 868 1026 1027 1104 1490 1497 1790 2405 3368
14 658 828 830 852 853 854 855 856 858 860 861 862 863 864
0
2 1995 2082
3 108 1090 4349
1 2794
21 2 69 74 89 109 119 120 121 133 135 150 198 222 235 262 266 293 303 381 389 1179
0
4 280 285 380 567
5 466 2022 2208 2516 3899
7 142 143 217 709 4327 4328 4499
7 69 238 525 917 2124 3850 3981
1 2914
4 1027 1094 1164 1209
4 2394 2562 2568 2805
2 444 2489
38 5 14 17 28 39 48 71 81 275 380 477 481 483 486 746 753 1478 1561 1562 1588 1942 1955 1958 2002 2038 2063 2470 2474 2533 2620 2812 3041 3185 3390 3663 3704 4173 4202
7 49 209 245 276 425 428 1871
17 571 604 1755 1980 2034 2035 2465 3056 3064 3271 3736 3738 3753 3775 4122 4226 4264
3 2785 4283 4356
29 5 14 28 78 84 112 225 468 477 489 737 1357 1594 1617 1683 1940 1942 1958 2038 2338 3185 3309 3445 3890 3935 3939 3948 4030 4031
4 15 1474 2739 4032
20 746 888 917 926 1091 1134 1135 1403 1919 1962 2292 2326 3129 3142 3411 3696 3747 3850 4392 4398
0
32 2 29 151 190 220 719 818 1251 1252 1253 1254 1256 1345 2294 2306 2397 2399 3037 3042 3161 3194 3195 3492 3641 3642 3643 3644 4085 4104 4367 4485 4486
11 23 746 820 843 849 1476 2292 2298 2470 3132 3158
4 212 2535 2902 4448
2 767 1737
1 1547
30 45 474 815 883 1401 1491 2018 2472 2606 2653 2712 2715 2737 2738 2742 2920 2923 3001 3007 3016 3043 3053 3261 3386 3810 3832 3833 4202 4207 4420
5 667 1168 1451 1766 1804
85 41 43 54 58 65 72 81 82 87 170 200 247 291 364 365 367 453 455 490 491 495 686 722 736 933 1028 1034 1249 1337 1340 1572 1703 1767 1798 1815 1816 1817 1843 1845 1847 1848 1850 1851 1852 1853 1854 1855 1856 1867 1870 1871 1873 1877 1890 1892 1893 1894 1895 1896 1990 2128 2129 2146 2201 2216 2308 2312 2421 2525 2722 2723 2728 2819 2998 3049 3050 3072 3217 3220 3414 3461 4197 4291 4295 4466
9 1919 2299 2689 2758 3089 3348 3349 3351 3608
4 331 544 647 739
3 936 2985 3981
16 807 809 814 1421 2339 2341 2402 2540 2865 3092 3552 3659 3675 3679 3681 4413
3 896 2448 3556
9 1024 1277 1283 1334 1350 2201 3011 3673 4070
14 828 934 1203 1204 1206 1801 1899 1900 2164 2240 2351 2781 3532 4171
5 1130 1469 1929 2246 3089
4 321 2835 3187 3438
4 1738 2623 3053 3133
24 271 533 562 565 568 595 682 786 787 789 811 812 905 1053 1192 1267 1384 1487 2007 2198 2199 2252 2837 2943
7 718 1482 1898 2008 2550 2552 2760
4 39 47 1539 2658
58 245 418 421 850 907 908 1140 1240 1340 1529 1560 1596 1639 1648 1685 1782 1805 1885 1937 1988 2288 2296 2410 2436 2519 2640 2642 2678 2679 2707 2708 2881 2931 2964 3193 3198 3199 3202 3229 3250 3251 3360 3361 3362 3363 3441 3708 3801 3905 3989 4022 4144 4199 4213 4273 4376 4470 4471
4 212 2877 2902 4137
4 1236 1980 2111 3987
1 4234
18 313 684 1001 1539 1562 1568 1662 1666 1704 1810 3022 3148 3278 3480 3528 4179 4193 4379
2 988 2168
8 1195 1231 1829 1919 2091 2691 3051 3293
19 251 356 556 785 1428 1779 1809 2076 2077 2245 2777 2790 2792 2901 3175 3896 4368 4409 4427
9 450 572 875 948 1038 2449 2450 2451 2452
1 2456
5 821 863 1960 2687 3988
20 1 25 64 113 116 123 169 252 1500 1567 2618 2621 2826 3628 3743 3865 3990 4072 4179 4393
0
5 1329 1753 1765 3104 3834
15 151 453 521 709 755 921 1034 1350 2216 2232 2294 3221 3414 3636 3972
3 1712 3846 4139
9 436 1090 1182 1183 1203 1219 2113 2240 3227
2 3631 4130
1 1529
3 1072 1179 3830
3 1177 2227 3245
4 805 1658 1988 2526
0
1 1081
17 1929 2155 4133 4247 4249 4250 4251 4252 4253 4254 4255 4256 4257 4258 4259 4260 4262
15 441 3342 3387 3399 3404 3481 3485 3801 3835 3846 3873 4091 4168 4169 4170
4 16 218 226 1225
8 914 2007 2053 2056 2742 3132 3879 4080
11 1484 2165 2167 2235 3048 3580 3583 3749 3750 3762 3763
17 220 247 1005 1022 1023 1122 1180 1209 1213 1565 1694 2368 2388 3380 3495 3646 4020
26 335 447 843 1285 1903 1904 2056 2445 2468 2653 2654 2742 2745 2893 2954 2955 3339 3353 3764 3923 4179 4207 4358 4435 4441 4442
22 125 615 888 965 1124 1126 1127 1128 1129 1130 1131 1134 1135 1136 1137 1141 1150 1338 1361 1404 3981 4449
19 15 39 56 1196 1457 1551 1568 1582 1616 1620 1645 1704 1974 1999 2456 2516 3284 4067 4068
14 284 655 717 876 899 1403 1707 2340 2343 2588 2798 2868 3603 3659
15 520 837 845 1009 1035 1182 1213 1218 1221 1802 2203 2221 3423 3495 4481
1 1213
0
10 2850 2873 3104 3108 3181 3736 3784 3926 4109 4200
21 34 49 54 55 57 58 61 65 108 115 123 124 152 209 213 252 254 530 712 813 930
7 679 770 2330 2331 2794 3313 3852
10 436 453 1174 1192 1198 2221 2240 2398 3710 4181
9 1548 1580 1680 1873 1883 2317 3359 3450 4038
4 50 1561 3975 4015
42 4 5 14 28 243 281 283 400 477 550 648 654 655 1369 1372 1707 2078 2122 2233 2339 2340 2345 2777 2786 2788 2794 3067 3079 3080 3175 3178 3656 3658 3659 3677 3688 3808 4202 4207 4281 4459 4462
5 278 561 2375 3711 4239
9 15 50 227 439 1005 1542 1590 1632 1698
9 830 838 856 2000 2681 2691 2771 2965 3592
9 861 2215 2461 3082 3445 3446 3515 4363 4397
2 896 3556
3 2311 3797 4415
6 264 520 1199 1741 2226 3188
3 512 2642 3332
0
17 36 1065 1068 1480 1602 1626 2418 2599 2657 2710 3292 3381 3799 3804 4108 4114 4325
0
2 638 2766
1 4144
5 86 1430 2505 3352 4430
6 1918 1919 2216 3050 3808 4348
1 1655
1 1556
5 125 359 755 925 2816
14 1 43 107 113 161 169 1505 1528 1561 1577 1597 1605 2815 4039
3 2005 2532 2980
13 523 552 767 914 1086 1104 1158 1159 1937 1950 3028 3431 4069
38 133 226 287 289 450 551 641 709 755 773 1344 1365 1393 1406 1769 1772 2040 2216 2263 2299 2452 2459 2531 3221 3468 3569 3660 3672 3684 3782 3857 3968 4020 4050 4280 4453 4469 4489
12 946 1476 1928 1993 2325 2625 2743 3001 3129 3269 3906 3907
6 626 1700 2417 2987 3630 4114
19 30 264 283 284 511 655 702 1090 1181 1743 2216 2446 2865 3188 3218 3416 3672 3708 4181
4 296 2235 2365 3495
2 1737 3088
2 270 790
0
0
5 1213 1878 2777 3492 4069
14 14 247 468 485 1556 1683 2235 2411 2473 2507 3125 3130 3495 3573
8 1179 1483 1964 2178 2179 3347 3377 4069
39 36 56 170 369 501 698 935 1050 1088 1199 1538 1544 1625 1627 1648 1687 1704 1815 1816 1817 1848 1865 1871 1894 1896 2087 2094 2128 2146 2525 2710 3217 3381 3557 3591 3693 3808 3839 4047
6 294 900 902 1898 3187 3294
5 28 666 2293 2393 2563
7 148 701 1430 2055 2509 2918 4484
15 845 1000 1009 1012 1014 1025 1164 1181 1196 1209 1665 1891 1900 3319 4020
1 1944
0
8 609 622 624 725 726 937 1173 1723
5 746 917 2053 2389 4422
17 172 176 180 182 202 232 235 303 307 316 377 409 480 504 598 2437 2553
6 1104 1175 1184 2211 2240 3919
6 666 1113 1197 1767 3364 3601
1 2078
2 736 928
2 1717 2874
5 1662 1737 2012 3202 3480
7 28 380 4423 4425 4426 4427 4437
7 263 335 1606 2216 2462 4020 4070
1 4179
9 329 2337 2402 2617 2888 3080 3638 3686 4462
4 670 689 690 874
2 767 1673
8 447 615 882 1264 2350 2358 2829 2914
19 16 17 243 353 679 755 936 1149 1415 2075 2098 2245 2325 2539 2841 2842 2848 2852 3389
12 426 715 1030 1149 1175 1755 2034 2895 3136 3293 4050 4119
7 888 1787 1837 2112 3966 4002 4009
13 1006 1167 1346 2230 2294 2323 2459 2689 3417 3608 3793 4344 4346
4 212 2877 2902 4137
8 15 26 1521 1557 1568 1588 1637 3204
9 1538 1973 2012 2061 2348 2586 3287 4196 4412
6 31 269 586 1570 2826 3337
11 69 450 1181 1377 1387 1401 1993 2040 2462 2501 3892
7 559 4251 4252 4256 4257 4258 4262
16 147 154 176 221 378 381 383 504 505 578 1763 1888 1985 1987 3716 4123
6 3071 3404 3595 3800 4018 4035
5 1564 1640 3153 3802 4179
1 3741
1 3649
4 247 1045 2221 3514
3 329 520 1669
9 2 28 226 276 380 483 704 1123 3704
4 2579 2822 3771 4292
1 4130
3 1700 2428 4314
4 628 689 691 2191
3 1859 2221 2518
4 1502 1532 2815 4194
8 42 293 359 476 1805 1856 2497 2700
9 397 581 582 2882 2886 2887 2888 3670 3944
11 335 451 1049 1387 1729 1807 1808 2445 2768 2893 2941
15 628 655 1009 1192 1195 1498 1974 2091 2092 2798 3319 3726 4229 4407 4459
2 2141 3434
10 369 882 1476 1774 1840 2051 2741 2820 3733 4318
2 2712 3256
0
12 338 841 845 1178 1199 2158 2194 2578 3440 3465 3799 3812
19 401 515 628 714 743 1916 1937 1946 2446 2543 2594 2868 2874 3045 3254 3512 3563 3610 3611
4 359 921 933 3673
3 76 1036 2469
5 205 418 1541 1648 4067
33 169 475 623 626 788 944 1108 1111 1246 1665 1700 1744 1862 2147 2152 2162 2313 2390 3059 3060 3061 3128 3271 3292 3333 3734 3755 3826 3827 3992 4108 4122 4211
25 120 265 266 335 407 746 773 780 888 917 1138 1751 1780 2018 2919 3133 3538 3556 3718 3830 3906 3981 4430 4441 4498
0
1 4138
19 276 421 696 907 1748 1859 2611 2658 2815 3251 3257 3440 3778 3920 3998 4165 4193 4338 4339
21 135 240 706 1398 1746 2449 2451 2452 2768 2770 2853 3265 3468 3473 3569 3657 3660 3671 3672 3684 3952
44 359 685 687 767 870 1005 1089 1282 1290 1292 1293 1301 1303 1305 1312 1313 1389 1475 1526 1543 1619 1647 1669 1673 1700 1741 1889 2194 2364 2944 2996 3258 3392 3393 3394 3439 3448 4295 4301 4303 4306 4308 4374 4450
2 792 2489
12 28 39 118 1200 1586 1588 1616 1632 2227 2312 3278 4158
12 767 1538 1673 1724 2060 2084 3189 3190 3281 3924 4179 4483
9 211 1136 2017 2118 3142 3625 4002 4007 4012
11 450 2450 2451 2768 3075 3468 3569 3660 3683 3857 4378
53 447 914 917 939 1149 1395 1472 1473 1476 1910 1914 1928 1993 2006 2007 2027 2258 2263 2291 2372 2373 2375 2378 2411 2419 2445 2467 2468 2471 2479 2480 2512 2625 2711 2712 2713 2714 2715 2716 2717 2741 2742 2743 2744 2745 2746 2747 2749 2750 2751 2752 2754 2969
52 247 256 257 258 259 276 279 908 1010 1240 1270 1290 1291 1295 1296 1310 1311 1312 1316 1318 1335 1494 1496 1501 1726 1748 2134 2296 2304 2392 2519 2526 2650 2659 2825 2922 3018 3165 3217 3250 3281 3287 3361 3447 3463 3865 4022 4035 4199 4332 4470 4471
1 4179
3 1177 1665 4069
2 2489 3428
8 236 534 648 876 1717 2020 2446 3603
15 170 928 1350 1844 1855 1860 1864 1890 1896 2397 2550 2728 3526 3839 4384
15 69 450 791 1181 1377 1387 1403 1764 2040 2462 2501 2768 3471 3892 4402
9 1090 1094 1096 1097 1122 1181 1676 1689 2182
0
2 1791 3631
17 801 977 988 1107 1109 1149 1175 1184 1755 1766 1891 2034 2235 3775 4050 4479 4482
4 1213 1347 2970 3606
17 3 62 63 64 1557 1562 1567 1570 1572 1584 1640 2016 2458 3404 3865 4026 4096
5 280 320 2787 2983 3115
19 238 434 1395 1428 1928 1960 1995 2717 2744 2852 3240 3434 3748 3850 4080 4151 4248 4357 4392
3 128 390 4158
3 1714 2485 3305
7 120 917 1836 2489 2792 2793 4050
5 505 762 1042 3410 4324
4 2985 3053 4080 4206
1 2914
32 32 99 240 457 807 815 839 969 1044 1112 1278 1416 1429 1464 1468 1925 2355 2768 2770 2842 2848 2908 2914 3023 3247 3313 3427 3468 3569 3674 3951 4489
10 564 1090 1124 1131 1175 1208 1937 2113 2211 3345
34 30 142 844 847 1020 1027 1056 1192 1203 1213 1215 1665 1700 1719 1743 1931 2135 2216 2221 2228 2233 2240 2498 2856 3050 3294 3340 3488 3767 3808 3919 3999 4020 4036
1 3367
6 144 1211 1743 2323 3218 3426
2 4354 4356
28 142 217 240 287 289 293 335 521 641 1056 1100 1226 1248 1249 2184 2216 2290 2498 2625 3205 3299 3373 3598 3660 3746 3782 3914 4102
1 1761
3 3000 3305 4076
60 44 76 120 132 192 236 247 268 293 397 400 447 479 515 518 521 522 524 530 534 545 549 551 561 582 729 742 743 744 745 936 1034 1076 1100 1230 1233 1234 1264 1353 1424 1475 1721 1891 1946 2020 2032 2126 2594 2869 3254 3274 3276 3478 3512 3545 3817 3891 3941 3961 4448
2 23 2794
4 647 1370 1722 3745
16 1090 1137 1141 1399 1720 1832 1837 1937 1948 1969 2159 2164 3039 3145 4060 4242
8 888 1090 1913 2246 2521 2523 3919 4130
9 1240 1571 3191 3263 3692 3983 3989 4199 4405
2 797 955
1 3562
13 135 207 746 882 1380 1903 2057 2468 2682 2753 3026 3733 4161
0
3 450 656 2445
5 1203 2170 2178 2179 2215
17 282 430 534 654 655 703 918 951 1368 1861 2334 2336 2337 2921 2983 3130 4459
2 2415 2931
26 23 27 28 52 117 477 485 703 704 813 850 1106 1200 2417 2646 2721 3070 3342 3570 3846 4018 4142 4299 4347 4405 4406
6 75 2000 2123 2753 3639 3803
5 684 686 1673 1680 1694
7 333 868 929 1186 1205 1456 3561
2 1919 1923
21 8 340 1410 2035 2272 2605 3062 3537 3542 3712 3728 3729 3731 3794 3894 4225 4226 4263 4264 4296 4297
22 5 15 23 52 115 481 484 485 530 703 737 1035 1200 1520 1994 2360 3596 3948 4030 4068 4179 4285
12 207 483 530 630 746 838 2411 2466 3183 3184 3185 3309
4 1619 2196 3724 3779
4 477 2788 2794 3930
2 1442 3796
39 2 14 22 23 39 48 52 77 286 380 469 477 481 483 485 488 530 703 753 1200 1213 1357 1520 1653 1915 1942 1957 2038 2206 2227 2240 3858 3890 3930 3935 3939 3942 4030 4032
1 334
20 1046 1275 1277 1391 1412 1429 1434 1475 1482 1750 1751 1807 2636 2774 2967 3008 3252 3313 3968 4344
8 995 1042 1412 2489 3096 3175 3575 3981
1 3254
3 499 1631 4046
10 738 1199 1551 2365 2698 2766 3264 3899 4153 4193
0
14 330 746 1903 1986 2000 2263 2439 2441 2443 2681 2742 3133 3879 4150
3 949 950 2916
0
2 4179 4367
8 1065 1758 1770 1862 1980 3062 3271 4322
14 77 380 442 880 936 1271 1941 2204 2898 3748 3951 3981 4318 4421
6 2394 2558 2565 2805 3244 4025
23 15 418 767 1199 1724 2189 2193 2365 2710 2973 3097 3392 3394 3448 3464 3677 3760 3802 3894 4301 4302 4329 4359
6 1100 1816 1937 2306 3196 3808
16 155 373 939 941 1261 2314 2715 2748 3240 3703 3886 3928 4045 4077 4080 4134
30 45 135 335 450 663 755 780 791 875 906 913 1283 1365 1425 1434 1739 1777 1780 2356 2445 2452 2619 2626 2768 2853 2914 3288 3569 3660 3671
44 257 276 521 684 767 1008 1028 1050 1087 1476 1538 1673 1818 1847 1856 1865 2007 2291 2298 2312 2494 2495 2723 2834 2856 3018 3050 3191 3198 3297 3332 3375 3591 3710 3839 3850 3883 3924 4023 4062 4179 4197 4470 4471
16 27 80 469 477 485 531 703 704 832 917 1200 1964 2215 2596 3007 3125
13 247 429 445 547 2144 2648 2676 2937 2946 3222 3332 3469 3870
14 16 17 226 246 511 1035 1226 1356 2216 3138 3413 3421 4020 4460
4 277 1354 2166 4335
2 2472 4285
8 150 206 223 406 505 1397 1987 2670
12 328 1009 1113 1180 1196 1459 1967 2388 3319 3838 4065 4229
17 688 996 1552 1574 1608 1737 1859 2370 3019 3088 3141 3148 3210 3528 3964 4177 4360
2 109 2629
9 843 1117 1432 1922 2712 3261 3302 3386 3627
2 2361 3903
10 1937 1944 2415 2821 3342 3360 3366 3617 4017 4018
5 1442 1937 2246 3292 4187
10 284 628 807 899 2335 2540 2867 2868 3721 4497
6 453 628 807 2552 3414 4027
9 837 845 922 1161 1203 1204 1223 2203 2485
6 243 1020 2462 2489 3573 3782
8 43 47 252 1569 2048 2529 2621 3164
6 698 1190 1199 2229 3440 4465
10 814 819 972 2290 2863 2876 2878 3752 4000 4001
29 42 107 276 357 546 1074 1123 1228 1370 1740 2021 2067 2068 2069 2072 2074 2381 2570 2571 2572 2642 2901 3719 4141 4174 4294 4389 4390 4391
6 236 628 655 807 3781 4137
9 281 655 814 2338 2797 2798 3686 3955 4268
26 534 573 680 715 760 1041 1116 1278 1332 1395 1435 1454 1460 1477 1835 1970 2017 2297 2366 2434 3051 3538 3966 4247 4249 4262
2 2721 3846
74 142 148 226 243 335 447 536 557 880 936 1000 1020 1091 1092 1093 1115 1151 1165 1271 1380 1395 1401 1419 1469 1734 1784 1796 1920 1975 1997 2053 2076 2261 2290 2378 2379 2419 2462 2475 2506 2634 2645 2715 2726 2759 2768 2769 2771 2789 2791 2793 2794 2852 2895 2936 2983 3012 3025 3176 3177 3524 3556 3774 3797 3841 3848 3892 3914 3951 3981 4279 4283 4415 4431
2 3616 3647
3 612 811 1324
33 154 172 176 222 230 274 302 303 304 307 308 318 378 379 383 503 505 655 750 762 763 912 1754 2001 2531 2784 3409 3410 3551 3828 4055 4123 4316
2 2814 2826
17 243 355 561 666 740 1208 1668 2064 2256 2351 2485 2762 2776 2777 3143 3336 4283
5 1810 2765 3120 3673 4197
3 1209 1665 4069
3 1398 1538 2998
1 2215
47 142 174 176 178 183 185 293 309 319 380 383 385 390 391 392 393 394 395 401 402 403 404 405 409 417 504 505 509 510 578 583 628 807 1077 1486 1888 2280 2734 3314 3455 3472 3716 3721 4277 4288 4293 4473
9 844 1708 1709 1710 1711 1712 1713 1715 2739
14 1104 1192 1439 1668 2156 2168 2171 2175 2176 2780 2979 3482 3580 3584
4 2262 2509 2688 3786
3 257 1199 3465
24 280 398 399 770 775 909 1364 1372 2077 2785 2786 2787 2789 2790 2791 2792 2793 2794 2795 2796 2797 2798 2799 2800
3 755 1398 1572
3 1130 1430 3513
8 581 582 2882 2885 2886 2887 2888 3670
1 2942
2 3997 4025
8 1516 2513 3291 3292 3453 3777 4121 4211
8 767 1673 1737 3088 3802 3900 4177 4351
4 1191 1203 1204 1250
11 954 970 971 972 2902 2948 2949 3752 4000 4075 4137
5 17 453 1275 3050 3414
9 682 926 1132 1148 1152 1402 1441 1962 3790
5 1005 1565 2583 2709 3381
12 436 622 632 1104 1177 1202 1516 1661 2958 3291 3292 4142
0
6 628 1794 1861 1941 2462 4030
18 447 1085 1430 1469 1774 1814 1919 1928 2000 2375 2662 2828 3163 3242 3648 4161 4435 4484
2 1747 1874
2 477 3981
3 685 1166 2194
0
6 1491 1904 1921 2741 3500 4084
1 1791
10 346 871 1137 1258 2100 3031 3033 4060 4242 4243
1 4369
1 250
2 1313 3640
1 3531
11 14 23 281 283 400 655 1200 2195 2787 2798 3658
27 380 878 944 999 1142 1191 1208 1209 1255 1661 1688 1891 1898 1941 2013 2158 2351 2433 2496 2622 3094 3419 3428 3489 3490 3497 4285
18 373 939 941 2314 2479 2712 2715 2745 2747 2748 3240 3703 3886 4045 4077 4078 4080 4134
12 98 250 685 1737 2193 2364 2575 3019 3097 3193 4177 4310
3 459 3818 4361
3 2261 4318 4421
10 1367 2040 2263 2489 2762 2789 2853 3660 3782 4489
2 1012 3149
0
2 29 2228
9 666 767 1203 1212 1627 1650 2214 2224 2225
4 495 1896 3292 3634
2 3631 4130
5 702 1041 2867 2868 3478
5 1157 1223 2639 2838 4016
15 494 502 1292 1299 1305 1318 1634 1748 2414 2457 2517 3506 3629 3634 3689
5 2376 2377 2615 3516 3520
0
5 1338 2109 3478 3811 3817
25 453 521 666 832 921 1104 1177 1182 1185 1192 1668 1801 1901 2211 2221 2222 2223 2224 2227 2229 2231 2236 2240 2243 2246
7 125 507 776 965 966 1128 2991
7 360 361 499 1563 2517 2582 4194
15 15 62 88 118 254 666 753 922 1601 1604 1632 2002 2285 2620 2724
20 240 339 1735 1739 2447 2451 2653 2666 2668 2768 2770 2904 2914 3386 3468 3569 3682 3982 4220 4402
3 28 1588 1616
9 1113 1944 2087 2164 2596 3544 3829 3978 3984
1 921
14 426 758 962 1085 1476 1739 1922 2030 2711 2715 2939 2941 3471 4236
3 533 4263 4264
3 673 845 2669
9 136 149 1246 1277 1434 1777 2355 2541 2542
8 283 286 993 2340 3330 3430 3608 3896
1 4179
22 27 469 615 647 700 843 1419 1880 2389 2472 2476 2653 2712 2743 2745 2749 2923 2965 3091 3185 4285 4323
8 71 1225 2094 2489 2539 2794 3219 4484
12 706 1350 1359 1417 2462 2759 2993 3177 3351 3673 4281 4451
8 638 639 833 1115 2292 3730 3842 4179
2 989 4114
12 483 2124 2292 2389 2472 2715 2898 3233 3238 3240 3241 4367
16 22 23 208 477 484 486 1520 1546 1645 1646 1657 1955 2032 2420 3284 3935
5 1090 2164 2232 3003 4381
5 623 751 2409 3291 3475
3 831 2211 2822
46 68 69 137 148 207 249 268 549 557 718 741 784 792 793 960 961 979 1020 1192 1245 1264 1345 1374 1475 1482 2389 2391 2489 2506 2552 2612 2634 2760 2789 2809 2848 2872 2967 2968 3068 3175 3598 3785 3848 3914 3981
6 284 628 2059 3674 3781 4027
16 1013 1173 1181 1187 1507 1517 1518 1677 2065 2390 2464 3372 3487 3714 4089 4331
25 71 133 239 1106 1142 1476 2637 2705 2746 2759 2762 2848 2895 2967 3150 3175 3185 3317 3468 3470 3575 3656 3782 3892 4467
5 950 954 956 2902 3017
6 881 882 2653 2715 2898 3113
4 171 2086 2531 3029
15 294 906 988 1192 1277 1283 2177 2186 2595 2691 3299 3661 4475 4478 4479
3 816 2440 2691
2 1324 4110
10 812 1102 1244 1324 1407 1408 1409 2407 3005 3996
18 7 107 116 159 252 677 696 1539 1630 1643 1657 1859 2840 3616 3990 4071 4166 4400
9 957 1090 1182 1262 1899 2117 2240 2914 3660
1 3244
66 3 56 114 250 288 428 445 472 494 499 538 577 686 697 907 1575 1640 1667 1673 1704 1883 1884 1885 1886 1931 2079 2299 2316 2319 2321 2322 2327 2387 2526 2647 2710 2834 2846 2917 3069 3097 3171 3172 3190 3297 3359 3405 3406 3645 3770 3772 3859 3860 3868 3874 3875 4038 4049 4139 4144 4169 4170 4306 4307 4319 4362
10 310 435 629 701 888 889 890 1936 1948 3709
0
11 65 128 477 677 678 777 934 1184 1611 2418 3616
6 1006 2935 3348 3368 4490 4492
5 2437 3455 3478 3735 4383
20 211 560 681 701 1136 1454 2017 2118 2200 3052 3117 3142 3180 3550 3625 4004 4007 4011 4012 4099
15 54 55 56 59 63 65 420 968 1539 1540 1566 1655 2024 2998 3154
8 113 161 169 201 1977 4072 4175 4230
3 2084 2300 3645
5 101 801 977 2500 3775
5 1152 1327 1910 3152 4080
2 1455 4076
6 666 1000 1026 1209 2495 3187
9 824 839 2681 2686 2778 3090 3091 3185 3626
25 2 28 39 112 213 247 380 469 484 753 754 1062 1200 1522 1546 1588 1595 1642 1679 1957 1958 2138 3930 3932 3942
3 1322 3535 4188
8 199 417 641 1033 2184 3294 3637 4327
3 1 49 276
1 4046
3 926 2282 3183
10 438 463 984 1014 1122 1215 1891 1980 2165 2463
2 2594 4285
6 888 1533 1590 1700 1744 2621
38 14 17 48 121 225 226 243 244 246 289 335 396 528 615 854 906 921 1020 1743 2216 2233 2350 2358 2489 2769 2788 2793 2794 3012 3025 3175 3176 3178 3436 3981 3999 4020 4207
3 1755 2822 3293
10 290 871 1937 2609 2673 2865 3033 3034 3603 3677
4 284 628 775 1232
1 4018
14 12 28 52 243 483 485 703 885 1015 1200 2489 3175 3981 4239
3 1507 3579 4083
86 132 403 422 423 434 546 615 666 680 715 755 776 796 938 1037 1039 1040 1041 1044 1045 1046 1047 1048 1049 1085 1090 1149 1227 1238 1332 1334 1365 1374 1375 1376 1377 1378 1379 1380 1381 1383 1385 1386 1387 1388 1389 1390 1393 1394 1395 1400 1401 1402 1403 1404 1405 1406 1454 1456 1469 1477 1492 1764 1857 1908 1927 1932 2282 2311 2366 2480 2663 2892 2923 2992 3090 3310 3608 3619 3698 3922 3953 3960 4414 4436 4445
6 2445 2768 2914 2951 3662 3982
8 928 1538 1855 1856 1896 3601 3883 4147
12 568 584 605 610 624 667 668 731 1973 2256 2515 3736
12 582 1145 2115 2446 2869 2876 2877 2878 2882 2883 2884 3543
5 1398 2462 2789 2803 3176
37 34 50 60 63 64 80 118 205 254 1499 1528 1529 1541 1543 1591 1604 1605 1613 1622 1623 1630 1632 1654 1655 1660 1693 1702 2285 2815 2824 3122 3787 3812 3865 4145 4147 4359
1 4121
0
34 470 991 992 993 994 995 997 998 999 1000 1001 1002 1003 1004 1005 1006 1008 1009 1010 1011 1012 1013 1014 1015 1016 1017 1018 1019 1020 1021 1022 1023 1024 1025
52 271 340 628 651 666 731 845 905 1009 1106 1165 1219 1803 2403 2409 2605 2891 3188 3271 3354 3621 3712 3713 3714 3727 3728 3729 3730 3731 3735 3736 3738 3739 3753 3754 3755 3756 3757 3759 3760 3768 3769 3771 3775 3794 3795 4106 4197 4225 4226 4263 4264
10 220 1066 1090 1114 1197 1766 2166 2240 2596 3567
0
110 2 5 15 18 27 28 46 51 52 67 76 77 79 80 84 89 93 109 111 120 158 207 208 226 238 239 245 252 254 276 293 427 442 443 447 448 451 468 469 477 483 485 488 489 495 513 514 526 530 550 593 630 635 636 703 704 737 754 771 881 885 917 918 921 933 936 1035 1076 1090 1142 1224 1478 1604 1684 1796 1813 1817 1861 1863 1928 1941 1976 1995 1999 2018 2207 2285 2362 2389 2461 2725 2823 2832 3041 3079 3081 3118 3185 3470 3706 3773 3930 3931 3941 3981 4040 4068 4095 4202 4395
6 201 684 1699 2516 2944 4191
12 23 96 354 369 917 1259 1264 1995 2007 2914 3185 3702
2 3090 3923
2 859 1104
8 120 906 1044 3385 3468 3565 3923 4380
0
11 1381 1911 2270 2386 2801 3181 3560 3572 3731 4296 4386
4 806 1213 1253 1901
17 176 307 701 1090 1149 1172 1312 2153 2369 2381 2443 2457 2470 2562 2757 2770 3660
6 230 307 379 765 1888 4082
11 447 746 833 843 1118 1995 2479 2773 3043 3113 3236
10 421 664 696 1115 2019 2813 3202 3264 3778 4240
15 4 14 21 22 23 380 477 481 918 1351 1357 1955 2032 3931 3961
2 2729 2900
7 373 374 376 483 898 1269 3981
1 461
5 1996 3026 3160 3593 4432
4 29 1254 1256 3492
7 977 1107 1755 1766 2034 3775 4050
39 42 43 50 62 247 441 445 944 1028 1501 1525 1537 1538 1685 1686 1944 2149 2288 2296 2300 2304 2646 2678 2710 2721 2922 3165 3228 3404 3591 3691 3717 3775 4059 4303 4306 4347 4362 4376
20 94 95 418 471 585 696 935 1079 1199 1502 1543 2002 2060 2062 2491 3381 3616 3804 3895 3904
1 3088
3 1380 1814 2772
2 2202 3817
3 1665 2046 4197
23 335 453 558 1049 1091 1264 1272 1366 1416 1770 1806 1811 1937 2096 2247 2331 2408 2484 2769 3163 3252 3301 3852
15 28 226 490 615 1009 1345 2308 2323 2350 2358 3176 3272 3981 4040 4282
4 1763 2553 4326 4479
0
9 66 221 487 769 1264 2350 3096 3760 4179
9 888 1247 1280 2419 3565 3813 4130 4248 4411
0
3 538 1538 1853
9 497 1461 2182 2261 2691 3154 3281 4318 4498
4 483 776 3081 3502
3 1035 1181 4343
5 245 441 1240 2944 4024
4 809 2785 2799 3686
16 243 1482 2234 2391 2778 2788 2790 2791 2831 3012 3175 3176 3178 3435 4282 4399
9 257 1843 1844 1867 1890 2312 2722 2819 3383
0
17 426 453 521 709 755 921 961 962 1162 1350 1922 2232 2294 2314 3221 3636 3972
11 332 755 921 1167 1180 1677 2153 2390 2433 2803 3914
6 731 1700 1862 2110 3736 4217
14 475 623 1059 1060 1062 1063 1110 1480 2054 3057 3058 3460 3845 4157
26 4 28 102 207 341 485 746 823 838 843 1200 1617 1653 2411 2468 2472 2473 2479 2533 2681 2778 3158 3235 3236 3933 3961
10 304 504 1716 1776 1987 2001 2287 3039 3608 3985
11 180 576 890 1145 1785 1927 2844 3336 3625 4053 4205
6 1635 1855 2361 2940 3555 3635
11 746 843 1395 1478 1747 2472 2476 2533 2681 3352 4080
4 353 2292 4353 4369
4 281 972 2800 3955
10 42 43 448 1579 2216 2459 2505 3878 4020 4434
0
5 492 3367 3380 4403 4404
12 253 576 1208 1283 1673 1937 2215 2221 2446 2607 4069 4329
3 2051 2053 3077
15 16 17 29 226 453 1213 1353 2209 2221 2239 2243 2788 3025 3050 4265
8 470 996 1001 1008 2374 2583 3372 3812
7 1439 2156 2167 2211 2485 2980 3735
1 421
2 1711 1974
5 1147 1148 1149 1755 3722
7 294 1162 1175 1395 1674 3101 4330
0
13 283 1403 1983 2087 2340 2345 2446 3032 3552 3611 3659 3680 3978
8 834 1189 1688 2158 2214 2223 2224 2671
29 628 917 985 1004 1009 1176 1221 1697 1862 1980 2099 2131 2148 2220 2230 2243 2298 2351 2488 2520 2637 3581 4313 4454 4455 4456 4465 4475 4477
8 1862 2111 3060 3065 3714 3987 4107 4122
7 328 634 652 1110 1665 3063 4342
46 1 2 3 11 14 15 28 39 53 58 252 368 380 477 484 515 519 753 845 917 1147 1353 1522 1551 1574 1588 1637 1645 1657 1714 1761 1782 1796 1828 1940 1942 1957 1974 1988 2137 3278 3554 3613 3961 4026 4269
2 4179 4223
9 820 830 834 838 846 1115 1774 2309 2965
4 28 531 1142 2369
6 15 88 481 1632 1665 4022
8 64 364 501 520 587 1558 1585 1810
5 1791 1993 3129 3631 4130
2 755 3221
18 128 334 772 782 943 993 995 998 1001 1012 1015 1098 1215 1629 1668 1891 2433 3495
20 199 246 262 628 906 1020 1049 1203 1285 1472 1778 2240 2355 2783 2900 3266 3295 3302 3991 4237
2 3024 3100
36 16 17 76 216 226 335 416 442 511 552 656 807 906 1002 1036 1192 1226 1743 1949 2290 2469 2779 3419 3420 3421 3424 3426 3429 3721 3808 3893 3912 3959 4020 4285 4292
16 28 277 294 400 666 775 807 814 874 1053 1206 1900 2333 2345 2868 4229
31 33 68 335 746 917 918 1247 1777 1914 1922 1928 2049 2050 2051 2052 2053 2096 2258 2259 2260 2262 2265 2350 2355 2548 2715 3234 3295 3981 4040 4337
19 220 328 628 724 877 921 944 1034 1176 1254 1665 1671 2371 2383 2390 2463 2485 2979 3213
25 26 39 47 866 1005 1023 1525 1582 1586 1605 1616 1620 1628 1629 1632 1634 1638 1654 1696 1955 4067 4182 4189 4190 4308
10 108 1090 1113 1181 1498 1944 2093 2521 2523 4229
9 293 917 939 1478 1941 2747 3118 3323 3699
11 426 1085 1184 1928 2030 2268 2435 2920 3293 3830 3882
21 700 755 880 936 1039 1089 1112 1234 1261 2094 2261 2594 2842 2968 3374 3420 3424 3907 3961 4077 4377
22 599 727 734 735 931 937 1057 1058 1059 1060 1061 1062 1063 1064 1065 1067 1068 1070 3099 3267 3475 3511
12 36 684 845 1079 1521 1535 1648 2364 2365 3259 3394 3506
10 442 1072 1115 2445 2691 2890 2913 4377 4415 4416
11 117 247 441 2415 2417 2720 3342 3591 3780 3801 4019
2 921 2400
4 1503 1504 1508 1511
5 153 1931 1946 1948 4146
7 428 1073 1240 2846 3822 3874 4319
19 2 14 28 592 1179 1370 1403 1822 1823 1841 2112 2114 2536 2691 2901 3223 3293 3325 3329
4 1455 2725 3802 4393
2 1255 2604
1 3462
8 546 1375 1829 3130 3293 3885 3981 4005
4 2 15 35 2851
7 141 684 767 1137 1590 1631 3116
10 69 791 825 846 979 1479 3343 3786 4179 4488
14 1372 2786 2796 2863 2869 2888 3274 3275 3276 3280 3543 3544 3872 4058
6 697 698 879 1538 3561 3601
0
0
3 1192 1875 2790
3 2015 3904 4232
7 1043 1090 1128 1129 1227 2914 3907
18 9 616 633 1193 1665 1800 1803 1878 2153 2214 2240 3487 3489 3734 4116 4208 4214 4219
1 1455
11 135 240 917 1034 2462 2770 2789 3012 3782 3914 4280
2 738 974
0
13 29 436 1192 1211 1213 2008 2231 2240 2397 2400 3042 4181 4486
17 211 570 598 890 1405 2102 2103 2104 2106 2107 2434 3478 3881 3891 3971 4002 4060
0
15 69 244 335 521 555 1049 1386 1416 1779 2774 2788 2941 3852 3982 4281
34 99 141 506 551 615 706 773 776 966 1047 1090 1135 1230 1238 1350 1460 1933 2216 2263 2306 2308 2352 2505 2836 2904 2991 3311 3313 3415 3508 3684 3748 4450 4496
6 1180 1967 2078 2164 3726 4261
7 628 990 1527 2240 2808 3604 3775
6 128 677 678 1195 3319 3647
4 1551 3823 3903 4166
0
10 680 917 1747 2000 2119 2770 3090 3091 3747 4009
0
7 1910 1995 2027 2044 2292 2806 3699
51 3 27 43 62 64 204 421 425 472 485 538 753 813 978 1005 1023 1273 1459 1551 1570 1571 1577 1588 1604 1605 1623 1651 1657 1662 1681 1885 1886 2321 2371 2516 2813 2846 2934 3069 3191 3399 3461 3591 3822 3859 3860 3873 4017 4140 4341 4376
13 294 482 1203 1212 1689 1700 1974 2224 2780 3245 3340 3573 4059
19 236 382 534 670 689 690 691 701 1736 1799 1837 1931 2025 2164 3115 3418 3552 3603 4316
0
6 845 2183 2579 3381 3382 3804
4 2304 3165 3342 4018
7 576 1399 1456 2555 2991 2998 3396
5 1030 1506 1756 2980 3704
11 121 529 755 1020 1035 1087 1259 1395 2127 2195 3323
7 888 1134 1135 1787 2836 3498 3820
5 139 3242 4431 4432 4444
3 767 2661 3903
1 3796
14 453 845 934 1181 1203 1381 1665 1907 2216 2221 2379 2406 3414 4020
42 719 917 1009 1246 1345 1697 1862 1980 2099 2110 2131 2148 2220 2221 2230 2306 2488 2520 2596 2637 2712 3036 3037 3042 3161 3194 3195 3573 3641 3643 3644 4085 4104 4313 4367 4454 4455 4456 4465 4475 4485 4486
115 2 5 7 14 15 16 27 28 39 52 88 148 211 225 243 310 335 469 477 484 485 503 587 629 701 704 755 803 838 845 888 890 921 938 1005 1041 1136 1194 1199 1200 1338 1378 1430 1519 1520 1526 1568 1604 1632 1634 1657 1734 1774 1819 1919 1926 1940 1946 1947 1951 2023 2107 2118 2119 2164 2285 2325 2374 2411 2477 2588 2662 2681 2828 2866 2985 3052 3078 3176 3186 3279 3313 3372 3427 3495 3513 3648 3678 3830 3848 3885 3922 3934 3953 3959 3960 4004 4012 4066 4317 4348 4418 4425 4426 4428 4430 4431 4432 4436 4439 4440 4443 4446 4447 4484
33 27 239 442 485 561 709 773 936 1042 1192 1900 1970 2040 2115 2254 2303 2369 2391 2411 2941 3002 3240 3319 3414 3430 3684 3767 3893 3913 4068 4320 4450 4467
12 589 625 626 632 645 652 751 1801 2500 2782 2987 3825
12 907 1545 1557 1588 1592 1657 1658 3127 3212 3909 4159 4360
24 250 292 322 323 501 686 869 1319 1456 1564 1577 1853 2499 2585 2611 2657 2710 3097 3402 3441 3629 3689 3924 4023
13 249 994 1001 1005 1526 1537 1602 1626 1672 2368 2374 2390 2508
8 518 742 2106 2446 2543 2861 3369 4244
2 1733 2361
17 426 715 1049 1389 2257 2354 2608 2768 2770 2853 2920 2941 3007 3013 3247 3248 3764
12 226 615 1264 1479 2216 2350 2358 3025 3176 3848 4020 4281
6 1700 2821 3398 3591 4018 4019
3 418 3708 4301
13 560 701 890 1454 1787 1919 1948 2159 2366 2727 3013 3418 3761
4 428 1123 3018 4340
16 36 672 684 738 2516 2657 2659 2661 2703 2710 2718 3264 3903 3924 4155 4306
40 369 447 474 815 880 882 938 1112 1117 1142 1401 1472 2291 2292 2325 2419 2445 2472 2512 2711 2712 2714 2715 2716 2737 2807 2911 2920 3016 3302 3500 3702 3832 3833 4043 4119 4202 4207 4227 4411
5 1093 1248 1278 1898 4358
21 109 135 191 293 388 426 448 453 960 1092 1093 1124 1411 2293 2615 2616 2971 3310 3379 3431 3723
2 1439 4480
8 948 971 972 2593 2876 2903 4001 4081
18 708 738 996 1081 1521 1964 2021 2028 2264 2661 3156 3372 3440 3534 3769 3854 3924 4483
21 109 196 293 335 551 1854 1898 2221 2239 2615 2616 3096 3414 3516 3517 3675 3737 3808 3925 3959 3981
2 618 2602
1 1814
6 1139 1529 1613 1652 2492 2587
16 1112 1718 2472 2711 2712 2714 2716 2741 2920 2969 3001 3239 3707 3832 4188 4411
5 71 135 2736 2977 3181
14 109 256 257 1898 2648 2676 2934 2946 3069 3469 3675 3821 4061 4139
2 1903 2365
0
1 2611
14 20 247 291 520 587 943 1665 1798 1849 1891 2637 3516 4267 4340
11 1137 1721 1763 1793 2843 3031 3033 3052 3866 4012 4241
5 1843 1844 2722 2819 3383
3 936 1047 3711
28 554 694 752 827 829 837 842 854 856 922 980 1009 1184 1199 1203 1616 1634 1671 1812 2350 2358 2411 2851 3185 3332 3343 3380 3561
17 1137 1141 1399 1720 1832 1837 1930 1937 1948 1969 2150 2159 2164 3039 3145 3866 4242
4 920 1690 1891 2495
6 421 650 2718 2927 4156 4184
4 1147 1152 2149 2531
11 445 547 1140 2143 2648 2650 2676 2917 3615 3867 3950
7 397 582 2594 2885 2886 3543 3944
2 2022 3394
10 267 283 285 2333 2915 3067 3686 3688 3936 3947
16 246 453 521 904 921 1211 2221 2230 2239 2323 2360 2412 2645 3218 4281 4345
1 2944
0
2 3631 4130
3 3146 4370 4371
13 639 662 679 922 1827 1835 2000 2254 2281 2470 2691 2750 3044
15 249 906 1984 2126 2216 3008 3009 3010 3011 3012 3013 3014 3023 3196 3373
1 1289
19 701 888 1134 1136 1460 1461 1934 1951 1956 2017 2662 3142 3277 3513 3625 3866 3878 4002 4099
12 14 270 290 1203 1520 2122 2313 2361 2553 2962 3649 4068
0
5 418 495 1614 3394 3448
7 45 457 483 1264 1898 2013 3981
8 639 845 1157 1161 2203 2691 2697 3995
6 806 884 1082 1097 2552 2970
2 62 64
1 1791
3 869 2658 4233
0
15 92 256 501 1120 1868 2648 2650 2676 2677 2946 3222 3297 3342 4061 4400
6 657 1180 1181 1690 2433 3991
6 1340 1548 2677 3172 3591 4092
1 3756
7 458 2393 2573 2624 3197 3997 4294
2 3047 3582
11 103 434 477 636 700 1366 1595 3211 3663 3935 3948
3 117 441 2226
76 76 134 155 193 195 219 297 298 351 358 444 880 916 938 1112 1117 1142 1181 1259 1373 1379 1401 1471 1473 1476 1478 1880 1995 2007 2018 2279 2291 2292 2331 2389 2448 2454 2472 2655 2711 2730 2738 2746 2807 2920 2976 3001 3016 3043 3185 3232 3236 3239 3302 3500 3546 3600 3632 3653 3654 3697 3699 3700 3774 3832 3833 3879 3886 3969 4027 4029 4079 4188 4202 4207 4313
7 905 911 2006 2764 2801 3306 4063
3 1922 2845 3532
23 134 242 535 656 1026 1043 1109 1439 1719 1933 2135 2166 2216 2235 2265 2803 3573 3582 3749 3762 4065 4478 4479
5 716 2256 3578 3589 4056
4 746 852 1161 3343
9 150 171 180 319 509 887 1038 1213 1763
6 484 530 703 704 3125 3706
16 631 1439 1690 1733 1872 2167 2169 2175 2177 2178 2235 2912 3047 3582 3590 4228
7 677 680 1272 1392 1948 3336 4146
1 4090
3 2462 3782 3981
3 2692 2693 2701
7 114 119 963 2096 2968 3239 4127
8 581 582 1179 2860 2990 3543 3610 4013
5 845 2043 2204 3602 4296
17 707 1009 1171 1178 1192 1194 1665 1677 1878 2166 2172 2596 2928 2979 3618 3777 3919
10 14 22 27 226 704 795 813 1200 1400 1957
7 463 562 605 811 812 1324 1723
5 685 687 688 1298 1673
4 496 2128 3278 4023
0
4 250 672 1673 2194
5 2107 2828 2908 3866 4060
5 200 1073 1699 2392 4195
26 245 538 767 1240 1496 1662 1686 1988 1991 2410 2519 2679 2707 2934 3155 3485 3770 3880 4046 4195 4198 4199 4306 4307 4470 4471
4 101 1403 2798 2897
0
2 2112 3151
5 954 969 971 2589 4000
36 434 615 778 906 1285 1286 1412 1425 1749 1750 1751 1777 1778 1779 1780 1781 1984 2290 2350 2355 2356 2358 2429 2545 2547 2548 2619 2744 2783 2809 2988 3096 3120 3239 3896 4040
26 29 520 1004 1009 1015 1026 1027 1104 1186 1212 1802 2210 2217 2218 2219 2220 2222 2226 2231 2236 2238 2243 2244 2256 2351 3215
8 1161 1344 1764 1769 1903 1980 2041 3325
4 244 407 2096 4070
4 512 2084 3717 4310
27 14 83 243 322 335 369 380 483 615 737 1418 1527 1852 1877 2311 2331 2357 2408 2499 3185 3313 3402 3797 3852 3981 4415 4435
3 28 73 2207
12 50 441 2321 2618 2679 2922 3018 3591 3615 4213 4267 4471
20 563 568 584 610 622 624 667 668 731 1064 1184 1408 1409 2252 2515 3291 3456 3753 3818 3861
5 209 418 2146 2240 2963
13 27 71 226 238 525 526 528 771 2064 3134 3374 4354 4357
6 98 104 1897 2011 2577 4329
11 25 418 1121 1152 1474 1622 2577 3199 3499 3743 4098
12 444 1418 2247 2331 3247 3248 3249 3252 3300 3313 3852 4099
12 3 455 767 777 1538 1636 1640 1810 2146 2628 3528 3635
10 1119 1598 1665 2628 2678 3018 3165 3854 4193 4471
8 205 1080 1979 2582 2657 2710 3465 3897
1 827
0
46 17 22 120 156 192 195 218 243 314 324 337 343 369 389 410 411 412 413 414 415 434 443 483 553 1225 1463 1728 1928 1989 2124 2140 2141 2324 2539 3038 3137 3138 3350 3783 3809 3912 3981 4045 4279 4372 4375
15 32 45 457 792 875 1095 1235 1735 1739 2120 2666 2889 2896 2904 3923
4 709 715 2459 2998
11 597 1152 1759 1828 2044 2270 2750 3357 3559 3714 3993
6 536 1401 1908 1978 2355 4136
4 466 1079 3331 3441
9 10 52 92 1200 1209 1217 2670 4068 4203
3 2480 2976 3632
10 442 1264 1418 2330 2378 4148 4311 4357 4358 4484
15 313 418 461 869 1673 2194 2300 2586 2658 3393 3802 3905 4233 4304 4310
12 36 585 935 1022 1303 1304 1565 2370 2371 2658 2664 3689
13 709 773 1024 1089 1090 1475 1538 1665 2204 2431 4450 4452 4498
10 192 447 683 881 882 2058 2469 2675 2956 3113
78 17 68 76 120 136 192 243 266 315 369 447 549 615 663 746 778 780 791 792 814 906 1054 1234 1264 1277 1285 1286 1350 1365 1387 1400 1412 1418 1425 1432 1434 1750 1777 1779 1780 1808 1984 2331 2355 2356 2357 2358 2359 2375 2378 2419 2445 2489 2512 2541 2542 2545 2546 2547 2548 2619 2626 2783 2809 2900 2908 2951 3266 3299 3302 3509 3830 3848 3981 4040 4070 4237 4334
4 3102 3107 3511 4210
5 496 1279 1566 2583 3854
4 543 1767 2772 3214
13 2087 2446 2538 2543 2860 2861 2866 3045 3260 3369 3609 3610 3611
1 4130
50 45 66 76 262 326 449 450 453 483 746 1038 1044 1231 1235 1236 1401 2268 2382 2389 2445 2447 2449 2451 2598 2655 2666 2725 2768 2827 2829 2951 2952 2954 2955 2974 3385 3565 3566 3567 3568 3569 3619 3622 3623 3624 3751 3857 3863 3951 4312
0
1 77
5 814 1422 2672 2897 3039
12 5 14 477 483 1200 1357 1370 2473 2607 3930 4030 4201
6 666 888 1134 1219 3820 4398
10 237 1863 2057 2382 3160 3289 3373 3746 4070 4102
9 191 490 493 1563 1892 2008 2312 2723 3767
1 4130
3 426 2971 3849
21 220 511 706 709 755 888 1024 1085 1136 1210 1334 1454 1918 1926 1929 1939 2433 2462 2789 3221 3473
3 1278 1414 2359
9 171 310 889 1077 2280 2521 2522 2523 2609
48 68 76 143 158 188 189 417 525 556 724 783 893 894 917 923 924 1020 1418 1665 1750 2330 2331 2357 2378 2380 2389 2408 2489 2953 3012 3025 3175 3313 3435 3656 3661 3746 3765 3785 3851 3852 3882 3893 3914 3981 4197 4396 4468
1 4179
8 441 2054 2415 3481 3485 3591 4017 4406
15 86 681 1093 1456 1747 1770 1819 1839 2032 2057 3737 4179 4420 4429 4442
2 1192 1521
2 1407 3818
8 948 972 2591 2593 2876 2903 4001 4081
4 230 888 1444 1985
10 109 672 1002 1104 1158 1159 1937 1974 2326 3898
9 576 888 895 1188 1397 1950 2905 3589 3694
4 646 3070 3071 3103
6 281 284 430 655 2338 2344
16 171 223 570 714 888 1077 1378 1948 2086 2434 2727 3167 3255 4002 4007 4247
0
4 1487 2273 2603 2960
21 277 286 349 442 444 810 899 1099 1418 1419 1422 1461 2672 2897 3073 3092 3282 3509 3569 3638 3951
15 41 58 200 695 964 1866 2633 2634 2635 2637 2689 3072 3156 3461 4291
14 350 746 821 2378 2389 2472 2741 2747 3981 4318 4352 4357 4421 4444
17 1 31 62 63 113 116 169 1500 1609 1643 2490 2610 2638 2826 2839 2940 3990
8 44 192 483 527 746 918 2848 2956
4 1483 2211 3143 4056
12 777 985 1187 1192 1215 1974 2365 3187 3246 3487 3916 4158
3 28 3040 3544
14 769 904 1051 2235 3487 3488 3489 3490 3491 3492 3493 3494 3495 3496
6 328 628 796 1187 3487 3654
11 14 62 106 1524 1594 1644 1945 2038 2207 2814 3457
8 716 983 989 1341 1483 2162 3578 4120
7 287 561 718 1283 2462 3201 4040
31 28 46 101 277 380 483 567 655 807 814 891 950 964 969 1348 1354 1360 1368 1371 1684 2032 2290 2536 2591 2798 3223 3272 3470 3877 3955 4154
4 1700 1831 2430 4131
17 136 240 755 1376 1398 1731 2030 2451 2541 2542 2770 2853 3509 3569 3657 3671 3684
0
7 615 1272 1752 2350 2358 2411 3981
3 954 972 3664
3 647 1464 1469
0
2 3797 4435
8 427 1174 1760 2695 3055 3128 3456 4166
5 1032 2605 2765 2959 4226
5 1690 1937 2803 3377 4326
20 520 985 1186 1203 1206 1208 1220 1262 1663 1801 1802 2210 2214 2217 2235 2240 2351 2781 3755 3775
17 283 286 655 670 876 1363 1369 1707 1983 2087 2334 2340 2341 2402 2882 3552 3658
7 2186 2240 2912 3495 4069 4479 4480
10 420 777 1199 1568 1657 1810 2628 2709 3209 3503
3 3784 3834 3861
4 696 2611 4015 4194
18 402 403 404 405 681 888 1134 1460 1770 1939 2102 2107 2450 3180 3300 4130 4255 4257
8 706 709 1048 1049 1400 2369 3673 4164
8 1439 1700 1785 2164 2235 3749 3762 3763
0
3 666 692 829
10 170 928 1350 1844 1860 1864 1890 2397 2432 3391
15 234 437 701 1041 1461 1948 2100 2104 3013 3052 3811 3885 4241 4247 4349
5 752 947 1974 3245 4432
10 449 450 807 1403 2446 2874 2901 3045 3260 3611
9 628 1090 1230 2129 2216 2365 2689 3976 4450
5 17 287 442 453 561
0
2 2382 3341
8 798 950 954 2869 2894 2902 3664 4448
0
2 281 628
4 1251 1444 2784 3710
12 132 249 718 902 904 964 2230 2760 2889 3518 4020 4491
4 2543 3045 3159 3611
11 43 204 338 493 1199 1615 2146 2420 3286 3364 3440
24 240 680 756 773 776 845 888 1125 1389 1395 1401 1405 1907 1908 2297 2326 2668 2820 2914 3091 3718 3951 4300 4434
8 230 302 378 749 1754 1775 1915 2437
2 432 3982
0
4 95 672 3394 3634
3 738 2656 4338
8 2035 2409 3542 3558 3560 3714 4109 4264
6 1596 2944 2957 3397 3957 4240
19 211 701 1136 1332 1365 1454 1929 1931 1956 2017 2864 2918 3052 3167 3323 3673 4002 4003 4262
6 470 1001 1011 1671 2201 3372
0
2 566 4081
0
4 2590 3230 3877 4370
21 148 701 791 1264 1461 2030 2055 2119 2509 2662 2918 3009 3096 3201 3764 3885 3921 3981 4348 4427 4484
7 477 746 1200 1353 1617 1955 3937
15 44 45 133 135 1261 1858 1863 2422 2423 2427 2429 2455 2483 2487 3807
40 2 5 14 23 28 52 53 102 207 226 380 400 477 483 666 703 704 746 917 1124 1350 1352 1601 1683 1794 1861 1955 1976 2303 2411 2473 3133 3268 3293 3425 3887 3972 4202 4285 4463
19 14 243 249 264 400 1020 2221 2633 2635 2778 3023 3177 3435 3516 3520 3522 3523 3524 3525
38 42 50 62 247 441 445 767 1028 1501 1525 1673 1685 1686 1709 1944 2149 2296 2300 2304 2417 2646 2710 2721 2821 2922 3018 3165 3228 3404 3591 3691 3717 4213 4303 4306 4347 4362 4376
4 195 491 2139 2630
4 584 610 3101 3459
12 1461 1834 1934 2017 2097 2200 2434 2918 3073 3277 3411 3513
26 49 257 259 421 425 496 497 501 621 1031 1120 1588 1816 1851 2128 3069 3097 3206 3217 3278 3281 3284 3529 3591 4159 4384
3 2393 2394 2559
16 6 59 107 204 209 1203 1533 1538 1553 1605 1631 1704 1870 3319 3735 3853
21 274 461 466 767 1009 1199 1519 1727 2132 2192 2240 2365 2710 3125 3476 3677 3802 4097 4304 4305 4329
0
9 1181 1395 2770 2914 3282 3566 3654 3986 4236
45 226 348 841 843 845 863 896 936 1152 1811 1828 1919 1920 1928 1996 2000 2298 2472 2477 2479 2482 2653 2682 2686 2691 2735 2767 2778 2785 2818 3215 3236 3242 3282 3343 3525 3597 3639 3648 3803 3810 3928 4440 4444 4447
4 1759 2218 3056 3065
10 684 845 1152 2660 2667 2692 2701 3898 4155 4269
58 16 145 147 150 172 173 177 180 181 273 304 309 317 320 378 503 508 509 510 598 765 873 886 887 1243 1443 1454 1754 1763 1787 1793 1869 1888 1909 1927 1937 1956 1992 2101 2105 2108 2504 2531 2979 3032 3039 3255 3368 3478 3498 3716 3881 4005 4055 4172 4243 4247 4451
12 34 41 64 851 1502 1523 1581 2620 2724 4141 4291 4487
1 1003
23 250 292 495 538 1673 2349 2718 2964 3019 3088 3097 3141 3202 3264 3331 3442 3506 3528 3836 4156 4305 4329 4360
2 2721 3846
17 755 1024 1043 1342 1345 1347 1365 1367 1994 2992 3006 3119 3120 3414 3473 4280 4499
4 365 942 1648 2525
0
5 867 1700 3071 3456 4018
2 1945 3244
0
11 519 743 745 1181 1466 1717 1916 3280 3545 3872 3938
11 944 1027 1104 2221 2226 2227 2230 2244 2294 2405 4181
6 615 882 1117 1462 2350 2358
0
15 853 917 922 944 1184 1189 1203 1665 1690 1974 2205 3292 3573 3919 4089
1 1977
9 454 684 2264 2925 3019 3506 3802 4194 4359
4 1162 2225 3031 3518
205 3 14 15 20 23 24 26 39 40 47 48 55 56 58 62 63 64 65 70 81 107 128 129 130 169 204 275 477 486 585 707 712 753 772 777 832 994 1005 1007 1018 1019 1022 1023 1094 1119 1122 1140 1176 1185 1200 1203 1282 1303 1304 1357 1521 1522 1523 1524 1525 1526 1528 1530 1531 1532 1533 1534 1535 1536 1537 1538 1539 1540 1541 1543 1544 1545 1546 1548 1549 1550 1551 1552 1553 1554 1555 1557 1558 1559 1560 1561 1566 1567 1568 1569 1570 1571 1572 1575 1576 1577 1578 1579 1580 1581 1582 1583 1584 1586 1587 1588 1589 1590 1591 1593 1594 1595 1596 1597 1598 1599 1600 1601 1602 1603 1604 1606 1607 1608 1609 1610 1611 1612 1614 1615 1616 1617 1618 1619 1620 1621 1622 1623 1624 1625 1629 1630 1632 1633 1634 1635 1636 1637 1639 1640 1642 1643 1644 1645 1646 1647 1648 1649 1650 1652 1653 1654 1655 1656 1659 1662 1664 1666 1667 1668 1669 1670 1671 1672 1673 1675 1676 1677 1678 1679 1680 1681 1682 1683 1685 1686 1687 1688 1689 1690 1691 1694 1695 1696 1697 1698 1699 1700 1701 1702
5 740 760 1112 2712 3352
4 615 2489 3125 3981
11 0 25 1616 1645 1704 2047 2518 2824 3153 4071 4190
14 247 428 429 445 446 547 548 577 2143 2144 2676 3222 3469 3595
6 972 973 2936 2948 2955 4179
7 255 291 1860 2728 3391 3839 4062
12 825 828 1188 1690 1811 2163 2596 2645 2668 2980 3618 3777
1 418
11 15 62 205 208 1313 1385 2826 3321 3368 3507 4269
4 521 1082 2549 2552
4 325 1917 2530 2532
5 751 977 3104 3109 3110
0
7 944 1009 1176 1191 2211 2219 2485
11 1192 1241 1341 2186 3046 3048 3143 3580 3588 4056 4069
1 1712
3 28 1977 2167
13 109 436 1174 1194 1202 1203 1252 1700 1773 1902 2294 2295 4486
2 2350 3981
59 23 66 96 120 266 354 369 447 778 780 906 917 1259 1264 1764 1778 1779 1780 1928 1995 2007 2095 2124 2268 2292 2350 2355 2358 2378 2445 2520 2546 2548 2619 2712 2729 2744 2783 2816 2829 2893 2956 3288 3302 3385 3500 3608 3627 3697 3707 3876 3896 3981 4033 4040 4130 4337 4355 4368
7 135 1359 3637 3671 4103 4280 4496
10 808 923 1055 1764 2261 2712 3922 3981 4161 4468
5 888 921 1930 2398 2400
0
4 965 2459 4247 4258
41 14 24 99 268 283 286 400 506 567 655 888 917 965 1037 1200 1345 1346 1347 1348 1349 1350 1352 1353 1354 1355 1356 1357 1358 1359 1360 1361 1362 1363 1365 1366 1367 1368 1369 1370 1371 1372
6 395 518 1809 2983 3552 4031
10 987 1440 1483 2147 2153 2154 2170 3762 4069 4228
7 50 1266 1584 1590 1673 2414 3448
3 1156 1219 4462
70 247 256 257 259 276 279 684 738 908 1010 1240 1270 1290 1291 1295 1296 1310 1311 1312 1316 1318 1321 1494 1495 1496 1501 1673 1748 2130 2134 2144 2288 2296 2304 2392 2516 2519 2526 2586 2657 2659 2661 2703 2718 2825 2922 3148 3165 3217 3250 3264 3281 3287 3361 3404 3463 3805 3865 3901 3903 3989 4022 4035 4199 4232 4306 4332 4376 4470 4471
2 1791 3631
48 67 93 132 226 238 239 251 433 434 452 483 507 526 556 594 917 918 1089 1117 1128 1269 1347 1359 1398 1412 1424 1462 1861 2032 2350 2358 2411 2715 2898 3096 3238 3241 3269 3272 3313 3906 3981 4073 4104 4125 4239 4300 4489
3 1505 2583 3381
5 426 1000 1025 1209 1395
11 701 774 888 1041 1477 1763 1869 2246 2446 3254 4382
22 36 461 1005 1017 1078 1320 1531 1629 1691 1955 2416 2579 3182 3440 3450 3480 3769 3798 3806 3900 4238 4272
2 615 3981
6 1259 2007 2298 2325 3269 3437
0
13 93 353 615 1381 2259 2263 2331 2352 2810 2893 2953 3707 3981
2 135 4179
71 2 16 27 28 67 148 196 216 226 521 783 828 904 985 998 1003 1090 1142 1165 1177 1186 1194 1211 1212 1213 1223 1224 1353 1617 1668 1794 1803 1861 2038 2055 2209 2210 2216 2217 2220 2221 2222 2225 2229 2238 2243 2244 2362 2391 2411 2775 2776 2779 3007 3077 3083 3294 3313 3340 3414 3426 3517 3538 3783 3934 3981 4068 4077 4181 4280 4481
13 16 17 226 284 390 396 1013 1035 2323 2461 3215 3484 4331
45 151 436 490 520 628 868 1014 1100 1182 1194 1212 1213 1221 1253 1255 1256 1665 1856 1891 1892 2210 2214 2221 2223 2225 2236 2240 2244 2323 2401 2405 2525 2776 2926 2970 3187 3213 3491 3677 3959 4020 4101 4180 4181 4331
11 6 15 47 88 1530 1568 1695 1944 2580 3616 4388
73 68 76 262 283 335 369 375 434 443 525 615 755 778 780 906 1247 1260 1269 1271 1272 1274 1275 1277 1278 1280 1283 1285 1286 1412 1413 1414 1415 1416 1417 1418 1419 1420 1421 1423 1424 1426 1427 1428 1429 1430 1431 1432 1433 1434 1435 1436 1437 1438 1490 1780 1784 1809 2052 2053 2095 2096 2305 2350 2358 2372 2375 2810 2908 2950 3073 3096 3981 4416
7 2 14 15 28 477 485 4202
7 451 1072 1380 2445 2756 2914 4236
32 14 28 220 426 460 477 520 561 657 666 888 1116 1179 1180 1181 1192 1228 1506 1922 2163 2445 2666 2668 2966 3253 3320 3471 3569 3777 4248 4296 4394
5 1927 1959 2441 3639 4421
8 154 176 1141 1447 1913 1987 2892 3115
30 69 402 403 504 817 888 1027 1034 1049 1053 1090 1103 1117 1133 1342 1690 1754 2216 2221 2268 2307 2365 2379 2489 2853 3010 3050 3220 3661 3951
41 29 216 225 226 237 334 703 944 977 1170 1182 1192 1193 1218 1344 1402 1668 1709 2055 2166 2220 2221 2228 2232 2233 2238 2315 2351 2379 2498 2500 2803 2856 3050 3414 3746 3775 3808 4020 4036 4181
3 2446 2594 2865
16 28 103 434 477 550 636 700 1094 1353 1366 1546 1595 2137 3663 3935 3948
2 996 4305
1 325
25 27 39 485 488 489 1563 1600 1616 1617 1636 1640 1641 1644 1649 1650 1666 1955 3127 3210 3933 4030 4031 4066 4067 4068
3 841 1157 2965
11 239 1357 1861 2078 2240 2462 3185 3420 3422 3424 3959
14 242 277 656 991 1192 1369 1439 1955 2006 2162 2535 2537 2592 2593
2 27 997
25 247 515 519 743 744 745 944 977 1003 1009 1016 1188 1675 1677 1812 1898 1974 2390 3292 3445 3495 3607 3744 3775 4476
38 14 17 22 23 28 226 237 380 469 477 484 709 715 755 1042 1045 1056 1100 1251 1278 1334 1365 1381 1391 1456 1794 1908 2035 2038 2040 2467 2778 3215 3810 3850 4030 4050 4490
9 27 261 661 670 1421 2594 2864 2865 3678
13 2 10 11 28 530 575 634 644 1060 1066 3054 3106 3452
0
0
8 758 852 1515 1981 2440 2470 2687 3803
10 628 1062 1697 1708 1967 2485 3319 3322 3327 3735
11 226 549 1035 1100 2406 3138 3413 3783 3907 4318 4489
5 474 1927 4037 4206 4411
7 266 1994 2042 2263 2744 3981 4084
2 3383 3638
0
0
2 865 1487
7 147 180 598 701 886 1846 2727
32 684 687 767 1078 1270 1279 1291 1292 1293 1294 1296 1297 1298 1301 1307 1309 1310 1311 1312 1313 1314 1318 1321 1335 1564 2130 2134 2457 2575 2710 2825 3690
8 262 426 1093 1284 1395 2448 2820 3266
10 373 375 376 483 544 615 898 1269 1333 3541
8 214 315 417 641 882 1213 2612 4328
7 1469 1746 2445 3133 3569 3660 3683
15 1051 1104 1175 1179 1192 1194 1203 1509 1665 1688 1689 2500 2596 2979 3497
2 865 1741
0
14 136 426 1745 1764 1926 2083 2095 2445 2541 3053 3373 3652 3923 4394
7 243 2489 2788 3012 3176 3808 3981
10 66 249 484 485 703 704 2306 3890 3981 4030
5 482 1643 2002 2620 4487
26 98 684 1073 1240 1673 2296 2640 2917 2932 2944 3191 3396 3397 3398 3399 3401 3403 3405 3406 3570 3591 3645 3873 3957 3975 4195
6 955 2894 2895 3545 3857 4335
10 426 1395 1486 1739 1914 1922 2729 3261 3700 3777
2 3804 4388
19 16 17 328 707 720 1027 1096 1176 1191 1665 1674 1676 1677 2215 2390 2929 3213 3294 3333
16 251 506 895 1264 1399 1423 1822 2030 2113 2434 2663 3136 3227 3723 4002 4248
1 2358
0
4 1360 2589 2895 3660
3 3062 3110 3475
7 914 1479 1764 2041 2923 3091 3256
5 1326 2854 3109 3475 3910
17 47 169 445 520 1650 2638 2720 3018 3363 3396 3403 3406 3854 3924 4018 4299 4406
3 2274 3730 4136
3 2465 3714 4109
0
0
9 1192 1767 1808 2355 2448 2641 2938 3565 3593
9 1183 1187 1213 1219 1803 1974 3291 3916 3917
5 1712 2415 3485 3800 4406
5 746 1380 2472 3541 4421
17 666 1005 1022 1090 1101 1114 1152 1181 1379 1521 1533 1556 1759 1833 3032 3140 3646
0
1 3125
22 145 154 179 202 230 232 308 371 377 379 401 504 509 766 871 912 1882 1987 2108 3033 3179 4123
15 625 626 2240 3099 3100 3101 3102 3103 3104 3105 3107 3108 3109 3110 3112
0
0
4 830 842 2205 3091
6 2 28 216 400 2078 3326
11 276 343 430 434 483 2021 3038 3137 3138 3912 4334
26 268 281 393 453 549 655 1042 1348 1349 1356 1362 2798 3638 3871 4239 4381 4460 4489 4490 4492 4493 4494 4496 4497 4498 4499
0
33 434 477 565 659 660 755 859 861 902 965 1149 1181 1195 1330 1403 1427 1492 1665 1755 1821 1822 1840 2691 2785 2901 3176 3315 3322 3325 3848 4201 4269 4489
3 249 2728 4365
7 477 484 813 1617 2122 2411 3596
11 1090 1152 1235 1259 2127 2311 2489 2651 3236 3969 3981
7 68 906 1277 2546 3010 3652 3851
18 109 247 248 342 462 801 900 929 947 977 1026 1203 1318 1898 2091 2092 2093 2413
0
4 176 2107 3828 4008
2 935 3258
12 915 963 1402 1450 1710 1713 1954 2627 2671 3456 3539 3946
6 205 1556 1584 1619 1621 4163
1 1455
10 167 755 1263 2350 2352 3160 3256 3981 4084 4151
34 120 156 218 238 239 243 314 337 349 369 386 410 411 412 413 414 442 444 447 483 488 489 526 593 1117 1118 2472 2772 3295 3633 3702 3703 3741 3748
7 250 767 845 3361 4140 4199 4303
4 464 638 2691 4160
4 666 884 1262 3604
0
6 672 1648 2370 2667 3901 4310
0
10 17 700 2245 2293 2389 3556 3575 3638 4077 4128
2 2629 4384
47 211 560 701 889 890 1041 1085 1135 1390 1454 1460 1477 1734 1834 1837 1919 1926 1927 1946 1951 1953 2102 2107 2301 2434 2843 3009 3051 3052 3498 3625 3761 3817 3820 3866 3885 3960 4002 4005 4009 4146 4257 4348 4398 4428 4436 4450
1 2516
7 1824 1929 2901 2991 3089 3293 3973
11 535 1104 1185 1192 1205 1402 1661 1710 1773 2221 2671
6 975 1017 3367 3464 4184 4291
4 3727 3814 4088 4275
12 348 917 2325 2737 2746 2984 3016 3233 3269 3407 4129 4337
0
10 369 615 637 2290 2350 3096 3272 3388 3527 3981
9 791 1400 2020 2553 2923 3201 3510 3569 3830
20 363 666 697 974 975 1005 1562 2194 2364 2578 3004 3273 3464 3465 3804 4066 4094 4290 4329 4404
4 16 1346 2059 3417
47 17 221 226 286 430 522 628 655 809 814 888 899 1369 1372 1519 1706 1707 1714 2093 2335 2336 2337 2339 2340 2446 2544 2617 2786 2794 2798 2864 2865 2916 3017 3050 3092 3230 3425 3552 3659 3675 3676 3677 3681 4097 4413 4459
9 172 222 321 505 762 1962 1987 2784 3409
1 4203
14 477 1090 1126 1151 1175 1203 1720 1755 1974 2088 2225 2226 2227 2781
6 845 1190 2208 2414 2418 2578
6 17 280 1034 2059 3949 4460
0
7 646 1110 3064 3100 3267 3291 3303
0
10 151 192 447 843 896 1118 1903 2000 2323 2909
13 501 1457 1673 1704 2191 3097 3141 3154 3528 3601 3870 4295 4329
3 121 1350 3718
78 4 5 12 15 16 18 22 27 28 39 52 67 77 84 89 102 109 238 245 247 380 400 414 447 469 477 481 483 485 488 489 530 550 630 666 703 704 746 753 918 1009 1142 1200 1259 1322 1395 1476 1478 1616 1617 1657 1794 1813 1903 1928 1955 1974 1999 2038 2122 2207 2285 2298 2462 2489 2778 2832 3041 3185 3515 3706 3930 3961 4040 4068 4095 4179 4202
7 1395 2030 2247 2331 2548 2827 3252
13 1126 1160 1445 1677 2117 2929 3447 3491 3492 3605 3768 3996 4050
12 1183 1801 1862 1900 1973 2121 2240 2281 3024 3111 3532 4482
3 1450 2598 4473
10 5 14 27 28 52 380 477 485 1115 1200
4 861 1090 2114 2731
3 250 1673 1991
6 701 1134 1136 1454 2727 4247
4 853 2363 2549 3467
5 229 1551 1668 3880 4412
5 266 821 2682 2820 3888
4 1477 1993 2482 2591
28 15 204 368 805 1352 1357 1531 1538 1577 1585 1588 1597 1610 1632 1644 1651 2079 2196 2367 2387 2524 3148 3203 3211 3212 3363 3529 3961
12 8 62 1385 1459 1489 2282 3321 3514 4124 4196 4269 4407
10 2717 2730 2735 2737 2984 3090 3232 3233 3269 4313
7 43 209 495 551 1877 3883 4291
5 1507 1511 3975 4051 4179
6 250 845 1538 2191 2527 2581
58 14 28 50 95 418 477 554 669 677 684 767 782 844 935 1005 1018 1081 1185 1192 1209 1281 1502 1521 1535 1542 1568 1589 1590 1601 1613 1626 1631 1632 1648 1694 1700 1773 1803 1899 2226 2227 2365 2418 2578 2580 2582 2667 2995 3141 3148 3336 3462 3812 3909 4194 4302 4305 4374
35 267 290 310 648 690 807 888 889 899 1099 1421 1736 1785 1838 1916 1930 1931 2020 2115 2341 2344 2345 2594 2672 2855 2862 2865 3030 3033 3092 3603 3609 3679 4259 4413
7 114 1430 1733 1747 2600 4358 4420
4 1279 1296 1797 3837
11 17 135 1495 2519 3591 3617 3780 3860 3983 4198 4376
5 1673 1704 1991 2361 3400
9 97 247 482 1104 1173 1200 2166 2931 3823
0
7 131 227 439 485 1538 2962 4269
30 17 191 226 247 380 453 999 1004 1090 1226 1400 1785 1936 1941 2038 2216 2360 2461 2496 2622 2645 3215 3416 3419 3421 3428 3445 3781 3783 4181
3 1325 1828 3358
1 644
9 1238 3966 4133 4247 4250 4253 4255 4256 4257
5 1508 1983 3395 3577 4314
0
8 220 328 724 1012 1677 2219 2390 2596
5 1521 1557 1708 4035 4230
2 922 959
1 3617
8 50 205 418 619 1541 1648 1660 4067
0
12 271 1110 2162 3058 3064 3065 3291 3915 4112 4113 4179 4217
13 23 42 43 47 276 299 477 1558 1568 1955 2628 3363 3466
2 2139 2630
9 14 23 77 380 477 917 1351 1941 3939
12 282 648 649 670 689 690 691 807 876 1736 1799 2798
6 2789 2848 3138 3175 3517 4013
5 2234 2462 2794 3660 3808
27 196 436 921 933 1034 1174 1192 1202 1213 1252 1344 1345 1367 1668 1901 2203 2216 2240 2306 2523 3050 3220 3294 3431 3767 3808 4331
0
0
6 902 2462 2637 3089 3435 3451
2 14 1520
2 195 2139
2 3377 3763
10 155 156 194 195 219 263 347 1373 2004 4045
30 230 346 701 872 1041 1137 1192 1232 1332 1338 1454 1460 1477 1763 1767 1785 1916 1917 1944 1974 2001 2108 2115 2159 2202 3242 3411 4054 4132 4242
3 42 539 2728
0
14 914 1485 1486 1491 1879 1880 1922 2096 2711 2715 2920 3571 3699 4411
12 153 559 888 1143 1399 1929 1930 3052 3116 3253 3866 4012
5 1161 2564 2567 2571 2695
2 2575 2925
2 1179 1370
2 390 2388
44 146 147 180 273 301 304 306 308 309 310 321 381 382 384 385 409 430 503 508 628 749 750 871 873 912 1775 1776 1785 1786 1789 1793 1882 1888 1971 1972 1987 2001 2105 2287 2521 3033 3551 3563 3716
14 436 841 845 1090 1182 1186 1193 1773 1792 1801 2401 3042 3431 4486
3 755 882 3373
5 45 2157 3074 3249 3952
2 1489 3358
2 380 3291
2 1200 4156
6 2 28 471 2061 2944 3499
8 672 673 1304 1783 2516 3902 4191 4310
10 43 107 977 1325 1542 1631 2421 2490 3507 3628
26 98 245 1031 1192 1240 1571 1783 2316 2392 2932 2933 3018 3263 3396 3399 3400 3401 3506 3758 3869 3873 4198 4267 4319 4376 4471
0
0
66 16 17 138 157 158 171 225 289 335 453 541 553 776 893 913 914 923 966 1027 1114 1147 1211 1233 1264 1346 1397 1399 1406 1413 1414 1416 1418 1677 1718 1722 1821 1876 1928 1937 1944 2114 2118 2185 2216 2263 2323 2619 2689 2691 2769 3030 3412 3418 3424 3488 3514 3519 3608 3637 3726 3774 3852 4005 4050 4280 4444
73 2 19 22 27 28 44 52 112 247 477 481 483 484 485 488 489 635 737 746 881 1142 1152 1197 1200 1226 1353 1380 1443 1542 1595 1617 1620 1679 1696 1702 1759 1767 1794 1796 1815 1910 1940 1942 1955 1957 2050 2078 2137 2138 2207 2411 2466 2469 2470 2474 2604 2725 2753 2778 2950 3050 3164 3166 3211 3268 3422 3457 3932 4044 4068 4080 4095 4234
7 107 495 499 1079 3097 3647 3805
17 1104 1110 1192 1194 3054 3055 3056 3058 3059 3060 3061 3062 3063 3064 3065 3164 3166
21 211 277 296 400 430 642 655 701 1136 1375 1439 1456 1785 1935 2593 3224 3514 3878 4002 4012 4179
11 746 833 834 838 842 860 1115 1903 2439 2443 2686
6 16 880 1271 2373 2489 3748
4 920 2142 2596 3454
6 680 964 1854 1902 2008 2303
2 2489 4281
6 655 910 1358 2076 2983 3030
8 55 205 781 865 903 985 1896 2002
19 254 267 285 399 496 804 809 1368 1580 1657 1658 2628 2798 3278 3529 3638 3647 3920 4147
6 515 551 758 760 921 2066
5 884 1213 1345 3746 3781
12 226 617 620 735 1198 1753 1767 2044 2514 3101 3475 4275
3 1791 3631 4130
15 27 28 71 226 238 239 525 526 771 1224 2064 2771 3134 3374 4354
15 357 1740 2067 2070 2072 2074 2381 2570 2571 3719 4174 4294 4389 4390 4391
3 17 615 3981
6 988 2912 3574 4120 4479 4480
8 701 1837 1930 1938 1948 2018 2434 4241
0
6 888 1590 1700 1744 1931 2621
9 1294 1295 1314 1315 1316 1321 1335 2164 2979
7 232 382 409 756 873 1793 1882
9 17 226 433 755 2216 3414 3637 3737 4496
9 176 508 509 1776 1987 2544 2865 3033 3563
1 1695
3 2712 2920 3256
18 1787 1918 1919 1938 1939 1951 2633 2635 2637 2930 3268 4099 4133 4253 4255 4258 4260 4262
2 3559 4361
7 549 709 1398 3120 3313 3672 4451
9 478 480 517 897 1466 1716 2301 2727 4349
4 3373 3449 3746 3839
17 17 142 214 220 906 921 1214 1898 2233 2433 3220 3294 3414 3606 3808 3999 4020
2 2712 3756
2 2087 4041
3 3754 3755 4115
4 1398 2445 3660 3671
7 42 1012 1172 1203 1209 2418 3244
12 914 1090 1091 1100 1135 1230 2263 2411 2744 2904 3906 4021
19 740 779 828 830 831 838 845 857 958 1152 1237 1515 1909 2680 2683 2684 2685 2686 2687
69 17 76 120 262 268 335 369 375 376 434 443 755 778 780 906 1260 1269 1272 1274 1276 1277 1278 1280 1283 1284 1285 1413 1414 1417 1418 1419 1420 1421 1422 1424 1425 1426 1427 1429 1430 1431 1432 1433 1434 1435 1436 1437 1438 1490 1784 1809 2052 2053 2094 2095 2096 2305 2350 2358 2372 2810 2894 2908 2950 3014 3073 3096 3981 4416
4 561 1049 1264 3096
2 2691 4160
4 264 523 2413 2462
11 801 1177 1663 1690 1811 2033 2120 2782 3347 3749 3763
8 247 985 1009 1011 1016 1098 1891 2125
15 214 226 266 1013 1259 1277 1395 1780 2309 2354 2413 2725 2895 3375 3829
11 977 992 1000 1094 1096 1107 1176 1674 1891 3635 3775
1 325
7 695 1293 1312 1457 1550 3156 4457
1 192
15 767 968 996 1005 1022 1540 1662 1671 1673 1685 2024 3154 3286 3440 3812
24 6 247 334 470 539 777 996 1001 1004 1007 1008 1018 1519 1526 1530 1556 1615 1695 1891 2192 2374 3372 3582 4065
2 628 914
12 1115 1401 1764 1910 2263 2871 3283 3325 3407 3592 3715 3841
5 836 864 1903 2291 4204
19 28 79 485 549 704 737 746 917 1794 1795 1861 1999 2357 2467 2473 3981 4265 4285 4476
0
9 380 666 746 1174 1515 1747 2609 3352 4126
6 230 307 309 317 385 2531
3 1068 1887 2576
2 4179 4366
7 299 974 1887 2576 3802 4052 4359
1 1749
3 628 1966 2935
6 1112 1395 1755 1908 1927 3652
0
103 33 68 120 125 136 137 141 148 149 249 335 347 354 358 386 422 444 447 681 776 791 792 793 906 979 1049 1238 1264 1275 1277 1278 1323 1377 1383 1386 1391 1395 1396 1397 1400 1418 1435 1461 1492 1774 1874 1960 1984 2030 2119 2126 2151 2216 2266 2350 2375 2382 2541 2662 2744 2828 2918 2939 2989 2991 2993 3003 3007 3008 3009 3011 3012 3013 3014 3085 3091 3096 3169 3196 3201 3219 3240 3249 3252 3299 3300 3301 3313 3373 3388 3702 3774 3791 3885 3921 3951 3960 3981 4070 4099 4348 4367 4484
7 896 946 1928 3236 3639 3928 4204
0
8 89 407 1112 1928 2653 3133 3207 3740
6 2495 2926 3149 3187 3959 4180
2 86 715
9 36 2193 2527 2577 3444 3806 4304 4309 4329
44 5 15 22 23 27 28 39 100 469 477 484 485 530 635 703 740 1005 1084 1357 1616 1617 1642 1679 1709 1711 1903 1944 1950 2138 2160 2172 2207 2496 2554 2677 2725 2822 3157 3327 3467 3706 3940 4066 4068
1 4406
2 2999 4076
4 628 1936 3383 3984
0
8 29 271 2220 2228 2237 2803 3188 4181
9 294 1175 1196 1213 2111 2113 2500 2910 3321
9 1918 1946 1951 1952 1956 3817 3885 3966 4428
8 296 460 1029 1090 1175 1403 2087 2726
2 814 4459
9 755 773 1383 2376 2377 2607 2904 4164 4452
1 2658
8 37 342 677 1213 2214 2224 4138 4330
10 37 453 1213 1256 1891 2236 2294 2295 2776 3042
20 16 69 226 335 791 906 1039 1090 1181 1435 1779 1834 2038 2612 2872 3007 3014 3523 3914 4394
9 949 950 951 956 2537 2899 2916 3752 4335
0
6 369 936 2261 4045 4128 4130
2 1304 1556
1 1193
0
21 149 241 242 453 561 1095 1246 1344 1862 2182 2216 2237 2488 2792 2794 2803 3062 3226 3414 4069 4109
3 600 3459 3736
26 69 247 380 453 561 615 663 770 791 792 1027 1091 1264 1277 1283 1425 1752 1780 1922 2124 2359 2950 3272 4070 4239 4380
19 32 369 434 443 593 880 889 1485 1718 1876 1906 1919 2900 3133 3699 3830 3847 4045 4367
3 628 1837 3411
0
3 42 107 2375
9 1203 1507 1974 3102 3181 3267 3291 3768 4210
16 407 758 822 857 914 1811 1812 1903 1968 2095 2438 2501 3091 3663 3813 4441
6 920 2021 2142 2596 3313 3454
1 3204
2 2321 2721
22 220 564 565 1090 1113 1166 1180 1181 1215 1403 1459 1891 1900 1944 2113 2538 2557 3318 3319 3321 3532 4330
2 1191 1339
10 515 517 518 729 742 744 745 2365 3279 4436
12 380 483 484 486 488 489 867 1200 1957 3083 3125 3706
16 987 988 1106 1440 2156 2166 2187 2433 2593 2808 3032 3034 4053 4069 4228 4326
22 238 434 442 880 1395 1428 1928 1960 1995 2472 2717 2744 2749 3236 3434 3748 3850 3907 4151 4248 4357 4392
17 247 628 797 798 807 972 1371 1994 2432 2446 2876 2878 2884 2948 2949 4001 4137
1 95
14 1740 2067 2068 2069 2070 2072 2570 2571 2572 4174 4294 4389 4390 4391
0
2 2547 3628
14 525 680 902 1194 1784 2212 2445 2448 2793 2827 3150 3556 4068 4234
10 239 525 528 2077 2788 3134 3435 3436 3451 3502
6 454 1495 1501 1631 1657 4047
14 397 581 582 2869 2884 2885 2886 2887 2888 2990 3098 3225 3274 3486
3 2522 3368 3519
0
4 95 1529 3337 3904
3 1710 1833 4098
32 120 137 138 142 143 144 189 192 199 280 281 282 283 284 285 286 287 289 315 417 453 1034 1283 1743 1975 2216 2359 2379 2970 3783 3968 3972
3 350 3896 4415
5 843 1401 1764 2712 2900
3 319 437 2257
2 298 336
0
12 250 493 767 1309 1538 1624 1673 2146 2665 3088 3802 3989
4 132 1278 1751 3009
3 359 921 933
2 3457 4202
0
6 507 1225 2168 2216 3186 3981
7 684 888 2944 2947 3250 3591 3859
0
7 926 1113 1147 1370 1772 1944 4407
7 495 1673 3251 3528 3591 4303 4306
6 706 1135 2588 3219 3550 3878
0
3 825 1207 2204
16 567 802 926 1830 1918 2383 2901 2977 3145 3319 3457 3726 3838 3985 4229 4261
58 55 170 255 419 436 473 490 495 497 498 499 520 587 736 767 894 901 928 933 1015 1026 1028 1087 1251 1538 1815 1816 1818 1847 1848 1849 1851 1854 1856 1892 1893 1990 2089 2128 2129 2312 2710 2998 3050 3169 3217 3414 3479 3557 3693 3775 3808 3839 4023 4068 4197 4373 4476
0
8 45 240 457 1122 2895 2974 3569 3598
10 125 1195 1403 1951 2093 3167 3319 3383 3878 4449
2 1095 3115
15 68 297 780 960 1434 1922 2378 2631 2893 2953 3173 3302 3746 3852 3981
20 17 76 226 388 400 917 1941 1957 2470 2473 2622 2725 3423 3430 3433 3484 3504 3980 4030 4285
10 245 1340 2519 2640 2881 2947 3018 3250 4195 4471
2 914 3768
1 2948
12 724 888 2166 2283 2979 2980 3181 3477 3494 3495 3777 4020
8 1915 1999 2390 2462 2634 2789 2803 3176
1 3631
40 5 28 52 338 424 438 456 587 672 805 832 1008 1025 1051 1200 1611 1616 1681 1709 1891 1937 2183 2494 2495 2500 2581 2583 2601 2815 3204 3372 3381 3440 3495 3749 3804 3812 3930 4165 4182
10 490 602 1050 1100 1342 2089 3002 3479 4023 4062
8 267 655 814 1369 2336 2902 2903 3243
11 1113 1152 1203 1208 1671 1672 1891 2211 2557 3319 4407
5 1563 1724 2657 3083 3954
11 137 149 247 998 1098 1104 2541 2596 2803 2808 4087
7 4 161 1522 1813 1976 3079 3130
6 14 15 1998 3560 3572 4138
15 42 43 684 1240 1500 1579 2304 3070 3401 3570 3591 3649 4142 4157 4299
4 2166 3750 3762 3763
4 672 1123 1669 3974
8 830 1115 1395 1910 1982 1986 2027 2298
3 814 3933 4497
7 335 553 1039 1225 1920 2140 3185
2 761 3182
7 1009 1161 1184 1191 1208 1891 2219
0
22 147 180 182 221 310 402 504 578 1243 2100 2104 2108 2109 2347 2362 2865 2935 3115 3389 3409 3817 3891
1 4185
8 561 628 807 1013 3574 4478 4479 4480
5 863 1903 2713 3133 4206
1 903
3 14 22 2123
11 1192 1241 1341 3046 3048 3143 3580 3588 3762 3763 4069
21 117 428 441 445 772 1552 1886 2317 2319 2321 2322 2387 2500 3359 3396 3404 3406 3595 3645 3957 4169
7 561 568 600 2099 3733 3797 4441
9 822 879 1747 1910 2511 2653 2772 3152 4080
1 27
31 26 39 42 43 47 61 276 292 753 781 1199 1557 1558 1559 1572 1585 1588 1640 1641 1650 1657 1873 2997 3127 3210 3278 3440 3466 3933 4030 4169
1 1798
2 1903 3133
2 684 3397
15 66 176 473 878 1165 1354 1397 1994 2234 3174 3523 3981 4006 4040 4282
0
11 658 831 856 861 922 1154 1515 2683 2847 3842 3843
4 28 2756 2789 4468
7 17 676 1741 2141 3160 3341 3810
9 2478 2732 2736 2747 2806 2969 3231 3626 4129
9 495 755 1031 1704 1871 1873 4291 4381 4494
4 1364 2389 3240 4356
5 2389 2489 2549 2791 3981
0
23 122 199 412 451 641 1928 2030 2184 2462 2489 2712 2759 2762 2769 2772 2789 2848 3095 3131 3299 3373 3600 4206
10 328 987 1160 1208 1209 2003 2147 2433 2508 3636
9 208 1656 2577 2656 2815 3646 4184 4186 4339
83 0 2 14 15 18 20 28 47 49 50 54 57 65 186 187 276 425 431 470 666 695 708 772 813 1001 1005 1008 1010 1018 1095 1103 1106 1191 1200 1339 1526 1529 1534 1539 1542 1569 1573 1601 1615 1629 1633 1634 1645 1652 1654 1684 1695 1704 1868 1891 1955 2023 2047 2416 2418 2578 2610 2709 2823 3216 3363 3365 3380 3381 3382 3393 3461 3717 3804 3958 4048 4067 4068 4096 4141 4295 4387 4388
27 426 1231 1395 1446 1486 1731 1773 1774 2007 2018 2036 2096 2445 2666 2688 2817 2873 2914 2955 3249 3468 3500 3556 3699 4131 4236 4394
10 291 878 904 944 1100 1898 2220 2221 3294 4065
8 1804 2514 3087 3257 3836 3996 4179 4203
0
5 2288 3165 3222 3591 4376
2 1400 2541
4 1733 3091 3133 3353
5 200 393 1850 1877 2641
9 71 239 525 679 2077 2254 3150 3638 4467
5 304 1137 1763 2159 4349
6 1114 1498 2091 2093 3319 4407
6 2262 2466 2472 3185 4128 4435
27 362 1326 1327 1353 1747 1903 1910 1920 2049 2454 2482 2716 2732 2748 2772 2818 2854 2909 3152 3168 3185 3378 3886 4080 4223 4224 4442
26 173 359 436 715 914 921 1029 1043 1047 1089 1126 1144 1197 1350 1448 1755 1792 2066 2101 2284 2326 2401 2645 3227 3726 4020
12 151 921 1387 1908 1909 2043 3136 3301 3723 3849 4119 4386
3 1791 3631 4130
4 1499 2054 3630 3649
4 1754 1912 3965 4367
8 456 720 994 1009 1672 1891 2368 3491
8 17 226 1479 2730 2731 3001 3282 3981
2 1333 3043
8 109 293 426 1048 1519 1852 2403 4197
4 135 249 3268 3671
5 798 1403 2880 3752 4081
6 1194 1565 1665 1671 2463 2485
7 120 444 2261 2372 2546 3598 3952
21 1147 1152 1379 1451 1759 1761 1764 1770 1903 2034 2039 2043 2604 2643 2750 2767 3407 3558 3562 3911 3993
1 3631
3 475 1059 4108
12 314 411 412 413 553 1225 1463 2140 2324 2539 4372 4375
6 920 998 1215 1219 3482 3775
42 19 27 76 93 132 226 251 468 477 551 813 917 1115 1219 1357 1478 1861 1928 1941 1942 2221 2225 2389 2461 2469 2473 2549 2552 2634 2725 2778 2848 2908 3430 3484 3504 3981 4040 4234 4281 4285 4334
4 2034 2035 2217 2224
6 988 1171 2153 2928 4069 4465
23 888 1422 1460 1477 1874 1918 1919 1926 1927 1948 1951 2097 2126 2200 2712 2930 3090 3655 3966 4167 4414 4433 4436
0
10 1518 2166 2167 3578 3585 3586 3589 4105 4138 4361
5 326 450 1038 2451 2853
38 2 14 22 28 71 226 239 283 400 528 770 807 809 917 1156 1351 1357 1943 2038 2076 2078 2339 2345 2489 2983 3080 3134 3150 3436 3458 3575 3638 3659 3676 3783 3858 4282 4320
1 4223
13 983 988 1194 1208 1255 1670 1676 2154 2162 2170 2186 3607 4069
5 201 2674 2739 3587 4410
0
5 361 1021 1565 2493 2575
1 3020
4 485 3019 4270 4360
22 2 14 22 276 424 488 917 918 1048 1200 1353 1527 1588 1617 1955 2123 2748 2772 3083 3185 3773 4080
12 920 1103 1107 1709 2167 2500 3561 3578 3580 4022 4105 4112
51 440 475 574 588 599 624 625 626 627 634 644 645 646 667 668 675 726 727 731 828 1063 1069 1071 1177 1220 1223 1236 1480 1516 1723 1773 1801 1862 2111 2240 2250 2252 2464 2488 2958 2987 3106 3128 3739 3753 3818 4108 4111 4114 4221 4222
12 66 120 948 1286 2357 2545 2546 2848 3010 3288 3896 4040
1 684
