3 495 1631 2317
6 493 942 1519 1843 1844 1896
7 517 791 800 1329 1767 1984 2126
8 706 709 721 755 756 776 892 895
1 761
15 648 649 661 670 689 690 691 809 899 953 954 1709 1964 1965 2025
0
1 1545
3 861 2215 2461
6 746 830 2000 2095 2439 2476
12 135 240 773 1124 1126 1128 1238 1389 1423 2449 2451 2452
15 211 240 277 450 970 1041 1116 1755 1806 1919 2094 2434 2445 2451 2452
11 2 14 122 352 407 617 927 1480 1538 2198 2289
5 277 966 1403 1837 1929
1 374
1 823
5 220 885 1180 1181 2462
1 441
1 2464
0
37 20 108 264 328 752 903 921 944 994 1005 1007 1113 1114 1122 1168 1181 1194 1197 1210 1250 1534 1544 1565 1602 1625 1626 1664 1665 1671 1677 1689 1691 2166 2219 2365 2368 2416
31 20 108 328 752 944 994 1005 1007 1113 1114 1168 1181 1194 1197 1210 1250 1534 1544 1565 1602 1625 1626 1664 1665 1671 1677 1689 1691 2219 2368 2416
28 267 280 285 286 398 399 430 710 711 814 909 910 1115 1156 1355 1358 1364 1368 1369 1371 1372 1707 2077 2334 2338 2342 2345 2346
15 461 466 501 685 687 767 1303 1304 1580 1599 1673 1737 1937 2193 2364
4 23 28 73 380
9 826 1141 1713 1720 1721 1832 1967 2159 2211
0
8 100 380 477 740 1084 1839 1941 1950
5 226 1181 1213 1345 2216
6 1104 1192 1700 1915 1917 1974
11 107 586 1525 1550 1557 1563 1584 1640 1704 2024 2048
2 618 752
0
0
16 29 70 241 561 922 1107 1122 1187 1203 1213 1665 2221 2236 2240 2351 2494
5 917 939 1922 2258 2475
2 1130 2269
8 32 135 659 660 859 861 1745 1820
0
0
6 442 822 1247 2389 2419 2441
13 914 1147 1236 1379 1382 1442 1446 1448 1449 1757 1759 1980 2044
11 701 888 1041 1136 1375 1460 1787 1933 1947 1948 1951
26 151 249 291 521 549 933 944 1034 1097 1100 1104 1213 1345 1676 1847 1865 2008 2009 2235 2302 2312 2323 2397 2400 2404 2405
15 14 16 17 216 226 380 477 511 1200 1226 1706 1796 2038 2206 2216
12 229 245 538 619 650 1031 1648 1883 1884 1885 1886 2384
5 131 628 767 1079 1631
9 26 485 1023 1582 1616 1620 1657 1810 2023
6 17 1213 1727 1856 2194 2216
90 1 15 20 50 60 70 94 128 129 130 205 208 229 247 342 420 585 684 687 761 767 772 777 781 984 1018 1078 1079 1081 1181 1192 1212 1213 1219 1270 1290 1291 1292 1293 1296 1300 1305 1307 1308 1309 1310 1311 1312 1313 1321 1335 1336 1502 1543 1555 1557 1559 1562 1580 1586 1605 1611 1613 1615 1616 1619 1629 1632 1636 1648 1665 1668 1673 1685 1802 1803 1810 1901 2062 2194 2221 2222 2223 2225 2236 2240 2295 2370 2421 2457
11 328 944 1009 1113 1122 1181 1203 1665 1891 1974 2390
25 17 68 142 188 189 239 244 287 289 396 433 549 663 709 906 1033 1162 1342 1346 1347 1359 2216 2379 2462 2498
8 226 449 450 807 876 1403 1841 2446
3 205 1021 2491
8 260 352 440 465 738 879 1742 2264
15 493 495 501 767 1199 1240 1345 1537 1538 1626 1694 1704 1877 2146 2196
2 705 2346
1 1226
3 579 614 727
13 671 760 828 845 853 929 1188 1196 1209 2226 2227 2229 2388
5 845 1104 1192 1203 1944
2 247 1665
0
8 148 917 937 1152 1903 1910 2057 2391
0
4 474 1767 2030 2448
27 91 97 121 276 380 597 692 740 758 760 786 922 934 1009 1035 1103 1122 1132 1146 1379 1441 1675 1690 1900 1950 2029 2353
6 615 882 1117 1462 2350 2358
9 357 1740 2067 2068 2069 2070 2072 2074 2381
0
13 450 884 921 976 1009 1047 1090 1104 1230 1706 1900 1974 2216
7 17 490 1213 1346 1359 2312 2397
5 14 28 79 477 746
1 1090
3 1538 1687 2145
14 3 81 113 250 935 1557 1563 1579 1586 1588 1600 1608 1647 1658
2 2164 2301
2 446 1886
1 1791
2 998 2462
2 977 1811
3 830 856 864
95 270 271 294 475 533 562 563 565 568 571 584 595 596 601 603 604 605 606 607 608 610 611 612 614 616 617 618 620 622 623 624 625 626 627 632 633 634 638 639 643 644 645 646 651 652 667 668 682 725 726 727 732 733 734 735 740 741 747 758 760 769 786 787 788 789 790 794 811 812 905 1053 1102 1177 1192 1244 1267 1331 1384 1407 1408 1409 1487 1493 1516 1732 2007 2110 2111 2198 2199 2250 2251 2252 2253 2465
3 821 1203 2066
5 386 1730 2049 2382 2478
6 328 929 1167 1209 1665 2388
12 140 197 335 348 637 659 676 724 755 893 2207 2467
30 546 642 1328 1330 1819 1820 1821 1822 1823 1824 1825 1826 1827 1828 1829 1830 1831 1832 1833 1834 1835 1836 1837 1838 1839 1840 1841 1842 1956 1970
4 680 1478 1933 2297
9 99 240 567 809 1348 1363 1372 1401 2336
35 18 19 27 28 140 247 380 400 477 483 485 486 530 703 704 779 917 920 921 1009 1015 1107 1178 1192 1259 1520 1616 1617 1650 1941 1950 2007 2127 2171 2411
15 29 30 120 134 135 136 137 149 447 656 657 2265 2283 2315 2352
4 1700 1712 1931 2383
17 80 97 158 176 317 504 534 546 663 1149 1159 1272 1763 1777 1987 2103 2311
19 147 150 173 174 175 221 273 274 302 307 308 317 378 382 409 750 765 1243 2437
10 32 86 119 265 335 746 1263 1747 1903 2293
13 247 681 701 888 1454 1767 1919 1946 1948 2100 2102 2126 2486
12 17 132 286 453 477 546 755 895 1151 1394 1423 2087
5 380 655 1681 2341 2433
4 139 888 1461 1734
7 247 1247 1482 1784 2355 2378 2462
9 902 1003 1423 1835 1862 1891 2114 2235 2281
7 560 680 1332 1403 1875 2017 2434
1 2053
4 255 291 1860 2308
15 546 568 584 595 790 902 1331 1384 1409 1487 1978 2120 2121 2198 2453
0
7 16 132 906 1042 1377 1751 2221
20 14 23 48 101 400 485 703 792 1047 1048 1200 1245 1353 1383 1391 1400 2032 2206 2357 2369
8 49 54 490 1028 1050 1818 1852 1866
2 1115 1157
1 106
56 44 45 76 120 139 162 163 167 192 198 217 265 266 280 316 348 369 398 423 443 447 451 527 557 615 718 881 906 1117 1118 1225 1263 1278 1285 1286 1326 1327 1348 1371 1372 1401 1419 1428 1434 1469 1778 1924 1997 2057 2082 2098 2124 2324 2389 2391 2445
1 845
15 436 521 523 1027 1043 1187 1198 1201 1484 1975 2216 2220 2221 2228 2237
4 903 1160 1397 2305
37 4 14 19 23 48 69 93 97 109 294 400 476 477 635 769 905 911 921 1002 1090 1104 1149 1159 1175 1520 1546 1594 1595 1610 1755 1772 1803 2045 2121 2236 2270 2284
2 2462 2489
18 28 48 151 242 247 249 332 400 483 1379 1440 1519 2216 2221 2290 2445 2462 2489
4 453 524 656 1876
1 426
2 250 2240
1 772
2 156 728
7 405 559 888 1134 1919 1930 1933
3 665 2208 2227
6 50 110 227 866 1119 1535
6 495 684 767 1130 1648 2364
3 1199 1897 2084
3 76 1200 1957
13 27 204 485 866 1023 1199 1535 1565 1580 1588 1648 2236 2418
6 607 758 1408 1409 2198 2250
0
1 1046
12 197 223 230 335 888 1041 1435 1729 1909 2201 2299 2430
9 14 22 481 638 639 1796 1828 1840 2078
6 837 845 1115 1709 1732 2028
7 250 502 761 1296 1305 1317 2240
13 97 482 705 802 868 1026 1027 1104 1490 1497 1790 2405 2485
17 658 828 830 831 852 853 854 855 856 857 858 859 860 861 862 863 864
0
4 746 1995 2080 2082
3 108 1090 2164
0
23 2 68 69 74 89 109 119 120 121 133 135 150 198 222 224 235 262 266 293 303 381 389 1179
0
4 280 285 380 567
4 466 1669 2022 2208
7 69 142 143 199 217 709 2302
7 69 238 443 525 593 917 2124
1 2051
4 1027 1094 1164 1209
1 2394
2 444 2489
30 5 14 17 28 39 48 71 81 275 380 477 481 483 486 704 713 746 753 1478 1561 1562 1588 1942 1955 1958 2002 2038 2063 2470 2474
10 49 54 209 245 252 276 425 427 428 1871
8 571 604 731 1755 1980 2034 2035 2465
0
23 5 14 28 39 78 84 112 225 280 468 477 489 737 1357 1594 1617 1683 1684 1940 1942 1958 2038 2338
2 15 1474
15 746 888 917 921 926 1085 1091 1134 1135 1403 1919 1962 1993 2292 2326
0
17 2 29 151 190 220 719 818 1251 1252 1253 1254 1256 1345 2294 2306 2397 2399
11 23 746 820 843 849 1476 1995 2082 2292 2298 2470
1 212
3 767 1673 1737
2 1140 1547
10 45 474 815 883 1401 1472 1491 1735 2018 2472
7 448 667 715 1168 1451 1766 1804
84 41 42 43 49 54 57 58 65 72 81 82 87 107 170 200 209 247 291 364 365 367 453 455 490 491 495 686 722 736 933 942 1028 1034 1050 1249 1337 1340 1572 1703 1767 1798 1810 1815 1816 1817 1818 1843 1844 1845 1847 1848 1849 1850 1851 1852 1853 1854 1855 1856 1860 1864 1865 1866 1867 1870 1871 1873 1876 1877 1890 1892 1893 1894 1895 1896 1990 2128 2129 2146 2201 2216 2308 2312 2421
2 1919 2299
4 331 544 647 739
2 75 936
10 283 628 807 809 814 899 1421 2339 2341 2402
3 896 1722 2448
7 706 1024 1277 1283 1334 1350 2201
12 828 934 1179 1203 1204 1206 1801 1899 1900 2164 2240 2351
4 1130 1469 1929 2246
1 321
1 1738
27 271 533 562 563 565 568 595 682 786 787 788 789 790 811 812 905 1053 1177 1192 1244 1267 1384 1487 2007 2198 2199 2252
4 718 1482 1898 2008
3 39 47 1539
29 245 418 421 850 907 908 1073 1086 1140 1240 1340 1529 1560 1596 1639 1647 1648 1685 1782 1783 1805 1885 1937 1988 2288 2296 2392 2410 2436
1 212
4 1032 1236 1980 2111
1 917
12 313 650 684 781 1001 1539 1562 1568 1662 1666 1704 1810
2 988 2168
6 1090 1195 1231 1829 1919 2091
11 251 356 556 785 1419 1428 1779 1809 2076 2077 2245
10 450 572 875 948 1038 1242 2449 2450 2451 2452
1 2456
3 821 863 1960
11 1 25 64 113 116 123 159 169 252 1500 1567
0
3 1329 1753 1765
12 151 453 521 709 755 921 1027 1034 1350 2216 2232 2294
1 1712
9 436 1090 1182 1183 1203 1213 1219 2113 2240
1 1791
1 1529
2 1072 1179
3 777 1177 2227
4 586 805 1658 1988
1 27
1 1081
3 1876 1929 2155
3 441 1557 1885
4 16 218 226 1225
6 335 914 2007 2053 2056 2325
5 535 1484 2165 2167 2235
20 220 247 1005 1011 1022 1023 1122 1180 1181 1209 1213 1255 1556 1565 1602 1694 2235 2368 2371 2388
13 335 447 746 843 917 1285 1401 1903 1904 2056 2445 2468 2471
23 125 615 888 957 965 1124 1125 1126 1127 1128 1129 1130 1131 1134 1135 1136 1137 1138 1141 1150 1338 1361 1404
16 0 15 39 56 1196 1457 1551 1568 1582 1616 1620 1645 1704 1974 1999 2456
11 281 284 655 717 876 899 1403 1707 2339 2340 2343
13 520 837 845 1009 1035 1182 1213 1218 1221 1663 1802 2203 2221
2 27 1213
1 1283
0
25 34 47 49 54 55 56 57 58 59 61 65 108 115 123 124 152 209 213 252 254 477 530 712 813 930
4 679 770 2330 2331
8 436 453 1174 1192 1198 2221 2240 2398
8 64 1548 1580 1680 1873 1883 2085 2317
3 50 90 1561
29 4 5 14 28 243 281 283 286 400 477 481 550 648 654 655 1200 1356 1369 1372 1683 1707 2078 2122 2233 2339 2340 2343 2345 2489
4 132 278 561 2375
9 15 50 227 439 1005 1542 1590 1632 1698
4 830 838 856 2000
3 861 2215 2461
3 896 1722 2448
1 2311
6 264 520 1199 1741 2226 2227
1 512
0
8 36 937 1065 1068 1480 1602 1626 2418
0
1 638
1 1699
2 86 1430
3 1918 1919 2216
1 1655
1 1556
5 125 359 755 925 1424
15 1 25 43 107 113 161 169 252 1505 1528 1561 1568 1577 1597 1605
1 2005
12 109 523 552 767 914 1086 1104 1158 1159 1519 1937 1950
26 133 135 226 240 287 289 450 551 641 709 755 773 1042 1344 1365 1393 1406 1769 1772 2040 2216 2263 2299 2445 2452 2459
6 896 946 1476 1928 1993 2325
4 626 1455 1700 2417
16 30 264 283 284 511 655 702 921 1090 1181 1211 1743 2216 2240 2365 2446
3 296 2235 2365
1 1737
2 270 790
1 3
0
5 328 1201 1213 1878 1901
13 14 27 247 468 485 703 704 813 1556 1683 2235 2411 2473
5 1179 1483 1964 2178 2179
35 36 56 170 369 490 493 497 501 698 928 935 1050 1088 1199 1538 1544 1625 1626 1627 1648 1687 1704 1815 1816 1817 1848 1865 1871 1873 1894 1896 2087 2094 2128 2146
4 294 900 902 1898
4 28 666 2293 2393
4 148 701 1430 2055
18 220 845 1000 1009 1012 1014 1025 1164 1180 1181 1192 1196 1209 1215 1665 1773 1891 1900
1 1944
0
9 609 622 624 627 725 726 937 1173 1723
4 746 917 2053 2389
19 172 176 180 182 202 232 235 303 307 316 377 403 409 480 504 578 598 2086 2437
5 1104 1175 1184 2211 2240
6 666 1090 1113 1197 1615 1767
1 2078
3 736 928 1815
1 1717
3 1662 1737 2012
3 28 380 1476
6 263 335 1606 2216 2350 2462
0
3 329 2337 2402
5 670 689 690 691 874
2 767 1673
7 447 615 882 1264 2051 2350 2358
17 16 17 226 243 353 444 679 755 885 936 1149 1415 2075 2077 2098 2245 2325
12 426 715 1030 1149 1175 1181 1197 1381 1755 1769 2034 2114
4 888 1787 1837 2112
8 1006 1100 1167 1346 2230 2294 2323 2459
1 212
7 15 26 1521 1557 1568 1588 1637
5 1538 1973 2012 2061 2348
5 31 269 586 1570 1630
11 69 450 791 1181 1377 1387 1401 1403 1993 2040 2462
1 559
17 147 154 176 180 221 318 378 381 383 504 505 578 1444 1763 1888 1985 1987
2 867 2144
2 1564 1640
0
0
5 247 521 1045 1062 2221
3 329 520 1669
12 2 28 226 276 380 477 483 703 704 1123 1200 1711
0
0
2 1700 2428
6 628 648 689 691 807 2191
2 1859 2221
2 1502 1532
8 42 293 359 476 501 1805 1856 2497
3 397 581 582
10 240 335 451 791 1049 1387 1729 1807 1808 2445
12 294 628 655 1009 1192 1195 1498 1974 2091 2092 2093 2353
2 122 2141
6 369 882 1476 1774 1840 2051
0
0
7 338 841 845 1178 1199 2158 2194
10 401 515 628 714 743 1916 1937 1946 2310 2446
4 359 521 921 933
6 16 76 226 882 1036 2469
5 50 205 418 1541 1648
21 113 169 475 614 623 626 788 944 1108 1111 1246 1665 1700 1744 1862 2147 2152 2162 2168 2313 2390
18 120 265 266 335 407 477 663 746 773 780 888 917 1138 1192 1434 1751 1780 2018
0
0
6 276 421 696 907 1748 1859
8 135 240 706 1398 1746 2449 2451 2452
39 205 359 418 685 687 755 761 767 870 1005 1089 1282 1290 1292 1293 1301 1303 1305 1310 1312 1313 1318 1389 1475 1526 1538 1543 1619 1624 1647 1669 1673 1700 1704 1741 1889 2060 2194 2364
2 792 2489
13 26 28 39 47 118 708 1200 1586 1588 1616 1632 2227 2312
7 36 767 1538 1673 1724 2060 2084
5 211 1136 1929 2017 2118
3 450 2450 2451
39 44 369 432 447 615 746 843 882 914 917 939 1149 1395 1472 1473 1476 1910 1914 1928 1993 2006 2007 2027 2258 2263 2291 2372 2373 2375 2378 2411 2419 2445 2467 2468 2471 2472 2479 2480
35 247 256 257 258 259 276 279 908 1010 1240 1270 1290 1291 1295 1296 1310 1311 1312 1316 1318 1321 1335 1494 1495 1496 1501 1726 1748 2130 2134 2144 2288 2296 2304 2392
0
2 1177 1665
1 2489
7 236 534 648 876 1717 2020 2446
11 170 928 1028 1350 1844 1855 1860 1864 1890 1896 2397
13 69 450 791 1090 1181 1377 1387 1401 1403 1764 1993 2040 2462
12 294 1090 1094 1096 1097 1113 1122 1175 1181 1676 1689 2182
1 1500
1 1791
15 801 977 988 1107 1109 1149 1175 1184 1381 1439 1755 1766 1891 2034 2235
2 1213 1347
14 3 62 63 64 205 1557 1562 1567 1570 1572 1584 1640 2016 2458
3 280 320 598
11 238 434 442 880 1395 1428 1928 1960 1995 2350 2472
3 128 390 772
2 1714 2485
4 120 917 1836 2489
3 505 762 1042
0
0
26 32 99 135 240 335 457 755 807 815 839 969 1044 1049 1112 1278 1414 1416 1418 1429 1464 1465 1468 1469 1906 1925 2355
9 564 1090 1124 1131 1175 1208 1937 2113 2211
29 17 30 142 226 332 844 847 1020 1027 1056 1170 1192 1194 1203 1213 1215 1665 1700 1719 1743 1931 2135 2216 2221 2228 2233 2240 2299 2498
0
4 144 1211 1743 2323
0
22 142 143 217 240 287 289 293 335 521 641 1033 1056 1100 1225 1226 1248 1249 2184 2216 2290 2445 2498
2 1521 1761
0
55 44 76 120 132 192 236 247 251 268 293 397 400 447 479 483 515 518 521 522 523 524 530 534 545 549 551 561 582 721 729 742 743 744 745 882 936 938 1034 1076 1100 1230 1233 1234 1264 1353 1424 1475 1721 1891 1946 2020 2032 2100 2106 2126
1 23
3 647 1370 1722
14 1090 1137 1141 1399 1720 1832 1837 1930 1937 1948 1969 2150 2159 2164
4 888 1090 1913 2246
2 1240 1571
2 797 955
0
11 75 76 135 207 746 882 1380 1903 2057 2466 2468
0
3 450 656 2445
5 1203 2170 2178 2179 2215
16 282 430 534 569 654 655 703 918 951 1200 1368 1861 2334 2336 2337 2338
1 2415
15 23 27 28 52 117 441 477 485 703 704 813 850 1106 1200 2417
4 75 96 2000 2123
5 684 686 1673 1680 1694
6 333 868 929 1186 1205 1456
2 1919 1923
6 8 9 340 1410 2035 2272
18 5 15 23 27 52 115 481 483 484 485 530 703 737 1035 1200 1520 1994 2360
8 207 483 530 630 746 838 2411 2466
2 1619 2196
1 477
1 1442
45 2 5 14 22 23 27 28 39 48 52 77 106 286 380 400 468 469 477 481 483 484 485 488 530 550 703 704 737 753 1200 1213 1353 1357 1520 1588 1653 1915 1942 1943 1957 2038 2206 2207 2227 2240
1 334
12 1046 1275 1277 1391 1412 1429 1434 1475 1482 1750 1751 1807
5 995 1042 1412 2462 2489
0
2 499 1631
4 738 1199 1551 2365
0
11 330 746 914 1903 1986 2000 2042 2263 2439 2441 2443
4 949 950 951 956
0
0
5 1065 1758 1770 1862 1980
11 77 380 442 880 936 1117 1271 1941 2097 2204 2292
2 2393 2394
11 15 418 461 767 1199 1724 2189 2190 2193 2365 2367
6 1100 1345 1816 1937 2216 2306
7 155 373 939 941 1261 2314 2479
23 45 135 335 450 663 755 778 780 791 875 906 913 1283 1365 1425 1434 1739 1777 1780 2355 2356 2445 2452
26 98 257 259 276 521 684 767 896 1008 1028 1050 1087 1259 1476 1538 1673 1818 1847 1856 1865 2007 2291 2298 2312 2494 2495
14 27 80 469 477 485 531 703 704 791 832 917 1200 1964 2215
5 247 429 445 547 2144
9 16 17 226 246 511 1035 1226 1356 2216
3 277 1354 2166
1 2472
10 150 206 223 378 406 504 505 1397 1987 2105
8 328 1009 1113 1180 1196 1459 1967 2388
11 688 996 1545 1552 1558 1574 1608 1737 1859 2193 2370
1 109
4 843 1117 1432 1922
1 2361
5 445 1937 1944 2304 2415
4 1442 1770 1937 2246
5 284 628 807 899 2335
5 453 561 628 807 921
9 837 845 922 1161 1203 1204 1223 2203 2485
4 243 1020 2462 2489
5 43 47 252 1569 2048
6 698 845 1190 1199 2022 2229
4 814 819 972 2290
20 42 43 107 276 357 434 546 1074 1123 1228 1370 1740 2021 2067 2068 2069 2070 2072 2074 2381
4 236 628 655 807
4 281 655 814 2338
22 534 573 680 715 760 1041 1116 1278 1332 1395 1435 1454 1460 1477 1717 1835 1970 2017 2297 2311 2366 2434
1 978
46 142 148 226 243 335 447 536 557 558 561 843 880 923 936 1000 1020 1091 1092 1093 1115 1151 1165 1271 1380 1395 1401 1419 1469 1734 1784 1796 1920 1975 1997 2053 2076 2261 2290 2378 2379 2389 2391 2419 2462 2475 2489
0
4 612 731 811 1324
27 154 172 176 222 230 274 302 303 304 307 308 318 378 379 383 402 503 505 655 749 750 762 763 912 1754 1987 2001
0
13 243 355 561 666 740 988 1208 1668 2064 2256 2351 2485 2489
1 1810
2 1209 1665
3 1398 1537 1538
2 2152 2215
43 142 174 176 178 183 185 235 293 300 303 309 319 380 383 385 390 391 392 393 394 395 401 402 403 404 405 406 409 417 503 504 505 509 510 578 583 628 807 889 1077 1486 1888 2280
9 844 1708 1709 1710 1711 1712 1713 1714 1715
10 1104 1192 1439 1483 1668 2156 2168 2171 2175 2176
1 2262
2 257 1199
11 280 398 399 770 775 809 909 1364 1372 2076 2077
3 755 1398 1572
3 1130 1203 1430
3 397 581 582
0
0
1 1516
3 767 1673 1737
4 1191 1203 1204 1250
5 953 954 970 971 972
3 17 453 1275
9 55 682 926 1132 1148 1152 1402 1441 1962
2 1005 1565
9 436 622 625 632 1104 1177 1202 1516 1661
0
5 628 1794 1861 1941 2462
11 447 1085 1430 1469 1774 1814 1919 1928 2000 2375 2480
2 1747 1874
1 477
4 685 688 1166 2194
0
5 1259 1491 1904 1921 2324
1 1791
8 290 346 871 1137 1258 1338 1721 2100
0
1 250
1 1313
0
11 14 23 281 283 286 400 430 655 1200 2195 2340
26 241 380 482 868 878 944 999 1026 1142 1191 1208 1209 1255 1661 1688 1689 1891 1898 1941 2008 2009 2013 2158 2351 2433 2496
6 373 939 941 1261 2314 2479
6 98 250 685 1737 2193 2364
1 459
3 880 1271 2261
6 1344 1367 2040 2263 2462 2489
1 1012
1 1825
4 29 628 2220 2228
9 666 767 1203 1212 1627 1650 2214 2224 2225
2 495 1896
1 1791
2 702 1041
2 1157 1223
11 494 502 1292 1299 1300 1305 1318 1634 1748 2414 2457
3 1219 2376 2377
0
2 1338 2109
29 453 521 666 832 921 1104 1177 1182 1185 1186 1192 1213 1668 1801 1803 1901 2211 2221 2222 2223 2224 2226 2227 2229 2231 2236 2240 2243 2246
7 125 507 776 965 966 1128 1361
5 360 361 499 693 1563
14 15 62 88 118 254 666 753 922 1524 1601 1604 1632 2002 2285
8 240 339 451 1395 1735 1739 2447 2451
